75
116
134
68
48
47
58
42
33
42
46
25
21
47
54
16
17
53
50
7
17
67
63
9
15
25
22
6
19
34
30
20
11
36
32
14
15
30
29
17
9
26
26
15
14
17
19
16
14
33
36
20
14
37
39
18
11
35
34
12
12
20
26
20
17
10
19
13
7
2
29
16
11
3
15
12
16
13
29
23
14
18
23
20
12
4
33
32
4
3
19
14
30
5
61
38
45
29
90
78
3
2
3
12
56
53
67
53
7
26
32
30
6
10
11
9
7
9
6
11
57
10
66
50
40
58
30
56
8
10
10
9
10
13
10
18
14
6
4
7
12
10
8
9
10
4
1
7
13
8
4
10
9
12
10
16
4
9
14
5
6
5
7
15
9
10
9
8
9
77
7
80
6
4
8
16
8
6
8
8
8
5
5
6
4
6
5
2
9
6
4
2
8
8
6
10
5
6
4
4
3
5
7
7
1
5
7
3
4
10
9
3
4
16
15
5
5
7
7
6
3
10
9
5
6
17
15
6
3
5
6
4
7
18
19
6
5
18
15
2
8
26
23
6
3
28
29
3
25
45
73
21
17
77
72
15
11
15
22
10
11
13
30
22
6
4
19
11
4
6
17
9
20
71
74
33
33
35
40
43
24
19
34
30
12
6
34
15
14
14
26
19
15
26
33
19
7
2
20
28
9
7
14
7
28
11
24
12
13
19
29
11
12
15
15
5
14
23
20
2
11
16
14
5
5
7
6
4
14
13
15
6
14
27
11
21
5
8
8
7
5
30
29
9
2
14
15
8
2
11
11
3
5
18
19
7
3
7
6
9
15
8
8
15
9
7
14
12
12
12
16
10
17
17
11
9
3
8
12
9
5
6
18
6
15
5
14
10
5
10
13
11
12
25
18
9
7
16
14
3
5
11
10
6
8
14
7
8
8
15
11
10
11
14
9
16
8
11
9
6
6
11
13
10
6
3
8
5
4
7
11
7
3
8
8
5
3
18
24
4
3
5
14
4
15
6
4
12
16
25
23
20
13
16
30
13
8
7
16
16
5
19
20
7
6
15
17
12
10
18
18
16
2
7
9
10
7
15
19
6
6
9
24
22
3
2
8
4
7
7
17
12
10
10
18
18
4
3
19
15
9
11
19
7
5
4
3
3
5
4
3
4
11
8
9
11
16
2
16
21
2
1
12
9
9
8
14
12
18
18
19
14
15
14
10
14
18
16
13
12
41
20
18
20
19
23
22
21
24
10
10
19
19
9
4
24
34
14
20
28
24
20
21
16
25
18
15
23
13
18
19
8
20
15
15
12
50
21
21
79
29
24
17
11
17
20
13
13
20
17
19
20
16
25
21
13
22
18
21
17
18
10
16
12
16
6
7
13
21
9
9
16
7
19
14
5
12
19
28
10
10
19
21
16
7
12
16
11
4
8
10
5
10
7
9
11
11
8
8
8
14
7
13
8
5
12
12
8
9
9
16
12
6
8
9
11
3
2
3
4
4
2
4
4
7
12
8
6
8
22
23
9
4
11
12
9
8
21
21
12
3
14
13
12
4
10
9
11
5
10
10
5
33
23
27
31
15
20
30
17
12
5
3
16
42
10
16
18
50
34
31
28
4
20
23
11
21
12
6
2
53
70
62
62
7
19
21
13
24
14
10
13
52
59
52
64
4
6
13
6
22
18
20
6
35
18
20
32
8
11
16
12
14
9
7
2
39
45
32
39
4
10
15
7
10
3
1
2
91
80
37
49
13
8
14
12
14
13
6
10
84
70
42
32
12
25
24
10
8
5
7
8
104
102
71
65
10
24
22
7
11
9
7
11
131
69
45
33
7
22
21
6
15
11
15
10
81
56
39
26
11
17
13
8
6
5
3
6
63
51
31
18
5
13
9
2
9
14
14
5
30
32
20
8
2
3
2
2
10
9
22
11
10
11
7
3
45
34
17
10
8
3
6
9
4
2
4
4
4
4
4
1
7
4
6
4
16
15
14
23
9
5
2
8
91
33
23
13
5
4
4
3
4
3
6
4
2
2
4
3
4
5
3
2
13
16
21
18
6
1
1
6
46
42
25
19
2
3
3
2
1
1
1
1
1
2
2
1
3
4
17
55
65
20
10
3
3
10
49
48
26
24
7
4
4
3
2
1
2
2
3
3
4
4
4
5
3
3
16
19
22
15
4
1
1
4
26
17
6
8
2
5
5
2
2
2
2
3
3
3
2
2
1
3
5
13
11
6
4
11
5
8
37
21
16
14
3
4
2
1
3
2
3
3
1
1
1
1
1
1
1
1
3
8
8
7
7
7
3
3
21
19
29
17
2
2
2
1
2
3
3
1
1
2
2
1
2
1
2
2
2
8
10
11
6
3
3
3
12
10
17
22
4
2
1
1
2
1
1
2
1
2
2
1
1
2
2
1
9
12
21
22
2
3
14
10
20
22
1
3
3
1
1
1
1
1
2
4
5
2
3
14
19
9
5
5
3
3
24
14
28
33
1
1
1
1
11
11
13
12
16
5
2
2
37
33
48
63
4
3
4
5
2
2
1
1
2
4
4
2
1
1
1
1
9
15
19
10
7
4
72
80
58
86
8
5
7
8
6
2
5
8
7
8
7
3
4
6
5
1
8
12
11
9
7
11
1
1
17
16
12
3
9
6
5
4
8
4
4
5
4
4
2
1
4
4
4
3
16
19
17
14
4
2
75
73
42
32
4
5
7
3
7
6
7
4
5
6
2
2
4
3
2
2
8
18
20
11
10
11
3
1
51
51
28
24
2
2
3
3
3
3
6
12
12
12
26
13
2
2
79
64
33
32
2
1
1
1
3
4
1
3
4
2
2
1
1
2
4
36
38
7
12
7
1
3
39
35
16
16
1
1
2
2
1
1
3
2
2
2
2
2
6
7
16
9
16
9
1
3
55
37
19
17
3
3
6
5
1
1
1
1
4
2
1
2
2
1
5
4
10
4
22
13
27
14
12
4
77
74
45
33
2
1
2
2
4
9
19
11
31
13
17
31
71
31
54
28
10
6
4
7
7
3
6
8
1
6
6
1
7
7
13
9
4
5
9
9
50
34
35
35
100
45
88
49
5
4
5
5
6
4
1
1
2
1
4
7
16
10
48
41
24
47
75
45
77
43
12
6
7
9
7
4
7
8
11
11
12
7
11
10
17
12
9
8
12
10
61
66
45
65
47
27
41
23
2
2
5
4
2
2
3
2
1
1
1
2
7
7
6
6
9
3
9
10
47
57
37
71
87
51
62
46
9
8
13
5
1
1
3
2
5
5
7
4
5
3
2
1
6
10
9
12
80
63
48
64
65
71
33
34
4
3
4
4
1
2
2
1
2
2
8
4
3
2
1
1
1
20
22
4
53
56
45
56
35
21
17
13
2
2
2
2
2
3
2
2
1
1
2
3
1
1
1
1
9
57
17
13
112
105
75
112
39
31
31
19
3
2
2
3
2
3
3
2
1
1
1
3
1
1
1
1
10
19
20
20
89
98
67
114
52
43
28
19
1
1
1
1
2
1
1
1
1
1
9
11
15
11
78
66
51
56
39
36
17
17
1
1
2
2
1
1
1
1
1
1
1
1
9
2
6
8
54
38
41
29
34
33
16
11
4
5
2
2
2
2
2
2
2
3
3
3
1
1
1
1
11
1
5
13
47
31
33
58
24
15
12
5
3
4
2
1
2
2
2
2
1
1
1
1
3
2
1
1
13
5
7
14
73
50
47
32
22
16
11
15
2
1
3
2
2
2
2
2
1
1
3
4
1
1
1
1
6
23
27
7
46
52
67
58
37
39
23
24
2
1
4
3
2
1
1
2
1
1
2
2
1
2
2
1
7
10
19
10
32
19
26
36
33
26
25
19
3
1
1
2
2
1
1
1
4
1
1
1
1
2
9
3
9
9
29
38
15
42
43
36
26
31
1
1
1
1
4
2
5
4
2
2
2
3
1
1
1
1
8
5
65
11
44
71
36
84
68
89
31
68
11
7
9
10
9
10
10
7
5
6
7
3
9
7
10
8
14
7
18
15
26
29
16
30
41
40
26
35
6
2
4
6
6
4
6
8
2
5
5
1
3
1
8
3
7
2
15
11
36
35
36
38
22
27
16
31
1
1
3
2
1
2
2
3
3
2
6
5
22
9
35
35
35
33
22
28
7
23
2
6
6
2
3
4
5
6
1
1
2
1
7
5
49
8
55
61
57
70
32
35
15
23
4
6
8
3
4
2
2
2
1
1
9
7
2
4
17
10
46
15
21
32
21
26
17
9
3
7
3
4
6
4
1
2
8
4
4
6
1
1
4
6
15
8
25
36
19
39
27
25
11
12
11
7
9
11
12
4
6
6
7
7
5
4
2
7
6
2
1
1
30
9
19
32
18
29
37
32
13
13
2
1
9
4
3
3
1
1
3
5
3
2
1
3
3
1
3
8
24
12
37
40
27
42
33
10
15
9
2
1
1
1
2
2
2
2
1
2
24
6
28
41
21
47
31
17
30
17
4
2
3
3
4
3
3
4
2
5
1
1
7
4
3
5
5
3
26
14
26
19
36
38
27
17
32
16
2
1
4
6
7
4
4
5
4
6
7
2
6
7
9
5
7
14
23
16
50
49
64
79
52
40
27
21
20
9
12
11
10
5
5
5
4
10
7
2
4
8
8
4
6
30
50
15
88
59
97
114
74
58
25
20
38
30
43
34
27
25
33
27
15
28
26
10
1
1
1
1
22
25
31
20
7
28
51
13
57
62
56
89
30
47
21
42
19
13
25
17
3
3
6
2
10
7
9
9
4
5
4
2
4
9
9
4
1
1
4
3
11
13
18
11
6
3
3
6
16
10
54
20
97
66
86
85
60
53
19
34
13
15
15
15
1
2
1
2
3
3
5
5
3
1
3
3
5
5
4
3
2
5
6
3
14
9
5
14
1
1
2
3
24
21
105
29
45
35
66
77
51
35
14
18
19
36
31
18
3
3
5
5
13
6
9
12
4
3
4
4
32
32
11
5
6
10
8
2
13
7
6
8
5
7
8
2
6
51
54
13
62
61
115
112
44
38
19
27
8
11
10
5
1
1
1
1
9
5
5
7
2
3
5
2
5
11
10
6
2
1
10
11
9
5
2
2
8
14
39
12
86
59
118
133
49
35
27
15
7
7
10
6
3
3
7
6
2
1
3
7
6
2
1
2
1
1
10
7
6
8
1
1
1
1
4
14
37
10
79
66
123
121
44
29
32
28
9
6
6
6
9
2
5
10
7
14
9
5
6
8
15
10
1
2
6
18
16
7
76
69
113
136
53
44
79
76
2
2
9
4
3
1
4
8
11
6
6
7
5
4
5
4
3
11
12
10
2
5
3
2
6
4
4
4
3
3
5
3
7
18
26
12
32
25
60
60
46
31
48
46
11
5
14
16
3
1
3
4
18
6
11
19
4
5
4
2
4
17
17
9
2
4
3
1
12
12
20
9
3
4
5
5
5
4
57
11
28
28
43
46
51
41
73
57
21
25
37
20
2
2
1
3
7
4
10
9
1
2
2
2
12
15
14
11
2
2
2
1
11
7
9
12
3
4
6
3
10
32
34
17
57
38
90
99
103
53
101
64
6
8
8
9
1
1
2
1
1
1
4
3
1
3
1
3
7
7
6
5
4
5
1
1
9
3
3
4
2
2
1
2
109
63
134
106
47
36
76
83
65
34
56
28
11
5
9
11
2
1
1
2
5
1
8
8
2
2
4
4
3
3
5
3
1
2
2
1
2
2
127
198
242
187
72
82
115
116
103
70
101
54
2
2
4
5
1
1
1
1
5
3
3
3
1
2
8
9
7
6
2
2
2
1
5
5
2
2
2
2
2
2
95
81
121
130
89
96
75
124
79
44
61
43
5
5
11
5
10
2
5
10
3
6
6
1
1
4
13
2
15
17
13
12
6
11
8
2
14
9
2
2
3
10
8
2
84
122
155
140
130
131
160
193
113
74
129
118
9
16
23
9
12
6
9
8
7
4
6
9
4
4
16
8
8
10
8
7
3
8
8
1
8
8
3
1
2
11
9
1
71
81
130
126
104
89
157
183
43
24
39
20
23
8
17
25
3
3
3
3
12
5
8
8
1
2
10
19
16
7
10
8
7
6
13
11
10
6
2
4
2
2
39
16
32
46
104
99
108
129
56
36
50
56
9
9
6
6
7
4
5
7
5
3
4
5
3
6
14
6
7
9
6
4
8
16
14
6
5
3
3
3
2
9
8
2
31
48
63
32
40
30
28
27
42
25
35
53
3
17
17
3
2
1
3
2
5
1
2
6
1
1
4
3
12
13
12
11
5
10
7
4
2
3
5
4
4
4
90
95
141
106
188
176
159
157
70
59
61
71
8
10
8
3
7
5
7
8
1
1
1
1
18
23
20
16
10
10
10
10
4
4
7
4
130
102
156
132
114
144
90
114
29
23
36
45
6
8
6
5
1
1
1
1
8
7
5
8
1
1
5
1
8
12
8
6
7
8
5
5
8
6
7
9
70
77
81
79
122
56
97
63
29
57
21
41
11
8
11
9
8
4
4
5
21
8
7
10
3
2
20
7
12
18
15
7
8
19
15
5
6
8
9
4
6
12
11
5
30
34
53
30
136
115
96
70
76
64
95
60
5
9
15
7
1
2
4
2
12
5
8
10
2
2
3
3
17
25
23
16
9
10
7
7
11
10
11
8
3
1
3
3
33
32
34
29
143
139
140
138
118
172
87
149
7
8
9
10
5
2
9
9
3
4
7
5
3
4
8
4
22
19
16
15
7
13
8
2
6
5
5
5
6
5
15
6
157
234
248
202
270
245
190
156
78
97
52
107
13
20
21
17
1
1
1
3
10
7
6
3
1
2
33
61
51
30
5
23
22
5
8
5
5
6
1
2
2
1
67
140
144
63
251
270
192
176
128
137
78
135
11
5
26
20
1
1
1
2
5
7
7
5
1
2
53
41
29
39
13
3
10
19
4
2
4
5
1
1
1
1
71
112
139
73
213
247
177
213
56
61
71
84
19
13
28
19
7
3
7
6
1
1
2
3
33
48
35
22
1
1
11
5
10
5
8
8
1
1
2
1
102
125
162
112
184
217
160
93
123
117
74
131
22
40
40
19
1
1
2
3
15
13
9
7
3
3
3
4
53
46
34
41
10
3
3
8
20
11
11
9
1
3
1
1
57
67
99
88
92
93
76
68
51
50
45
52
16
33
30
18
8
5
6
13
21
9
9
12
2
4
15
6
33
38
26
22
9
17
11
3
13
11
11
7
5
13
13
9
44
47
80
62
151
158
100
124
55
79
42
84
23
26
29
17
9
4
7
9
15
5
16
19
6
3
14
9
31
55
37
18
6
14
9
2
17
16
11
6
3
10
9
3
21
49
138
39
105
116
86
88
41
38
20
40
17
19
19
13
10
6
11
10
24
13
19
23
5
4
15
8
34
56
35
17
5
10
7
2
17
17
19
10
5
9
8
3
122
155
269
168
56
36
48
21
67
60
25
22
24
19
21
25
7
6
11
10
50
26
27
28
5
4
11
10
31
50
33
15
5
11
6
2
20
24
16
10
7
10
13
7
73
67
133
103
162
79
187
79
136
93
47
50
15
11
16
8
3
3
3
3
15
5
9
11
2
2
8
5
21
34
28
15
5
8
7
2
6
4
10
5
3
2
7
3
70
133
171
86
231
65
194
58
108
100
82
62
6
8
15
13
4
3
11
4
12
9
3
1
4
6
21
15
8
15
2
2
4
4
9
6
3
2
2
2
40
122
246
92
215
69
168
62
78
128
115
57
4
7
17
11
3
5
5
4
11
7
3
1
8
4
23
20
16
17
5
5
1
1
11
5
6
7
6
3
4
5
31
56
164
76
222
127
179
117
127
172
146
53
13
9
18
15
1
1
6
3
16
11
17
15
4
3
4
5
18
22
16
12
3
3
4
3
17
9
10
13
4
3
5
4
41
60
95
65
89
150
151
270
98
218
83
96
14
14
24
12
5
5
8
8
12
8
6
3
1
1
3
3
8
23
18
5
4
8
6
2
13
11
13
9
5
5
2
4
37
65
77
41
99
213
218
67
149
88
65
177
18
10
24
19
5
6
7
6
14
9
13
11
1
1
7
3
13
23
18
10
8
10
4
3
20
13
21
14
2
4
5
3
43
77
131
83
309
200
328
266
230
253
93
168
21
24
29
24
5
11
20
13
16
11
11
17
4
5
12
6
773
784
782
770
7
9
7
4
30
20
18
19
6
7
7
4
48
22
108
59
254
217
333
166
146
140
72
186
25
25
42
27
12
15
20
17
33
12
16
36
4
8
15
6
1062
1083
1085
1055
3
12
12
2
16
20
20
18
10
7
19
12
41
65
156
77
155
106
155
153
119
103
69
71
19
28
69
27
8
9
14
10
29
24
16
16
5
2
13
9
24
49
38
12
4
13
11
3
28
14
13
8
5
8
11
5
12
5
120
68
186
188
218
217
227
218
138
144
39
80
103
45
11
4
10
12
29
18
32
33
4
2
9
6
39
99
81
26
6
14
8
2
47
25
19
31
10
10
13
7
55
25
128
82
233
249
310
291
252
233
130
130
42
36
72
45
17
12
14
14
47
30
44
50
8
6
27
11
56
65
65
45
9
26
25
4
42
37
34
20
11
11
17
11
120
81
199
97
198
205
167
194
165
152
91
57
112
153
289
150
11
14
20
9
67
73
102
82
7
4
17
11
75
89
85
51
5
15
13
3
241
161
106
168
17
12
14
14
62
98
157
146
358
322
214
325
167
244
147
177
194
439
685
226
17
11
11
15
263
162
205
157
2
3
16
8
262
381
350
205
7
26
19
1
285
152
115
149
11
13
11
5
54
116
155
91
366
206
383
224
238
187
190
182
235
403
749
278
14
17
19
14
311
195
189
184
2
2
19
6
190
322
307
157
7
20
15
3
208
142
115
84
14
8
22
18
23
81
175
57
190
121
241
152
106
71
98
111
212
522
476
333
9
12
26
13
284
157
121
152
2
1
10
6
160
266
249
135
8
12
10
5
155
82
37
102
16
17
19
12
36
110
171
112
173
185
77
185
43
80
33
78
149
342
426
181
6
3
8
6
245
185
174
166
3
2
4
4
274
321
302
245
3
7
7
3
109
79
31
24
5
5
3
4
87
54
170
128
155
154
127
58
106
64
67
59
221
327
626
298
6
7
10
10
473
375
244
274
2
4
4
2
255
322
289
221
5
10
7
1
119
80
62
52
6
6
9
6
17
32
156
93
144
167
145
171
97
106
92
107
103
283
405
297
1
2
10
5
307
276
177
138
2
5
6
3
315
400
372
260
13
13
11
10
107
84
40
63
6
8
2
2
62
120
262
129
291
284
234
273
136
151
104
135
172
459
829
381
6
5
10
16
456
426
260
238
8
6
6
6
251
411
379
216
4
9
6
3
218
150
103
108
7
4
3
4
100
109
207
181
163
128
152
110
204
164
131
147
181
603
780
456
3
1
14
9
773
567
331
333
6
3
6
7
478
621
463
317
7
6
2
1
235
161
101
127
8
7
3
3
98
131
261
227
216
185
172
211
171
187
230
231
155
419
725
360
2
1
12
7
660
526
389
436
5
4
7
6
437
581
549
377
6
7
7
3
156
139
118
112
25
7
11
20
88
45
233
137
129
103
89
61
169
183
103
171
83
410
520
186
1
1
4
4
741
644
300
542
2
2
14
12
354
462
417
314
9
7
5
10
110
130
118
105
8
5
4
4
65
66
143
144
104
84
42
35
186
148
131
79
202
291
463
290
16
10
14
28
754
712
455
574
12
14
33
10
291
360
323
261
13
18
15
4
161
98
60
99
17
12
21
14
48
24
99
83
79
74
49
60
234
247
113
114
176
408
656
296
10
9
13
8
1011
877
756
814
12
12
18
33
509
582
430
337
10
21
16
8
187
141
105
147
17
10
21
15
6
3
142
92
105
87
73
85
135
153
73
121
256
448
667
307
4
3
6
7
804
649
602
639
8
7
28
8
409
747
722
370
12
9
8
8
184
96
54
98
8
6
6
8
8
6
72
86
101
114
54
75
94
156
35
125
267
294
762
320
10
9
9
8
746
679
608
578
30
12
29
33
455
934
888
405
13
15
13
8
188
174
148
103
6
4
12
11
27
21
239
120
77
99
78
117
112
88
106
160
496
617
892
580
8
9
23
15
655
679
680
549
14
9
27
15
573
638
583
518
5
9
5
4
1175
274
195
296
18
15
16
11
26
41
109
145
44
62
27
73
110
82
91
92
260
413
751
357
10
9
22
13
747
610
512
462
17
10
22
40
620
718
572
463
5
12
9
3
594
358
239
87
16
10
16
16
71
34
194
92
34
105
79
48
105
43
17
107
234
311
502
386
10
10
9
12
624
448
480
644
5
9
10
5
399
498
478
361
4
11
10
3
238
1185
503
115
6
6
14
8
33
68
114
73
94
27
29
83
75
175
15
96
121
79
386
211
3
6
5
5
483
370
478
514
4
4
28
16
233
311
294
202
2
9
8
1
392
309
264
167
2
3
3
2
75
73
123
196
158
49
38
111
36
110
74
53
93
114
406
180
10
8
18
10
711
490
560
736
8
6
24
17
395
953
925
354
3
19
14
2
621
392
359
328
11
6
9
11
21
16
100
87
66
137
87
25
71
30
16
90
133
223
612
294
17
6
16
26
852
680
744
487
12
14
31
31
337
982
945
300
7
17
15
2
388
356
187
235
19
15
25
16
3
15
118
120
77
76
51
45
42
50
19
22
290
492
909
473
43
37
45
41
757
624
633
772
16
15
30
18
364
490
444
316
15
30
25
11
342
482
268
400
50
40
53
39
43
96
173
190
127
43
25
116
68
128
111
52
346
404
1066
587
53
59
71
59
744
679
424
479
28
43
65
27
354
373
330
288
14
35
29
7
820
466
268
313
58
41
50
44
49
19
139
141
46
27
57
52
70
55
60
51
372
284
796
873
36
32
58
49
631
551
399
362
33
32
38
51
327
378
332
269
17
27
23
3
784
438
201
377
60
42
34
48
30
28
116
57
50
136
93
54
40
26
15
102
112
160
475
360
5
6
16
11
491
344
343
406
18
9
20
15
244
329
300
196
17
15
12
11
231
192
96
81
33
19
19
29
15
19
70
51
123
54
27
131
120
197
173
48
261
198
506
394
12
5
26
22
333
297
314
383
19
22
27
27
149
262
231
117
18
18
14
6
321
205
119
175
39
38
33
31
13
22
132
68
51
37
18
24
126
176
19
147
260
367
660
527
26
20
35
40
520
414
491
545
23
30
31
16
343
581
532
308
17
24
19
7
358
284
159
187
43
29
49
46
34
78
198
128
55
44
8
28
25
15
18
9
350
479
973
1065
50
59
68
43
608
437
574
553
35
32
46
30
298
406
364
257
14
30
25
7
363
255
137
244
48
42
53
48
13
20
110
89
37
118
14
7
44
29
25
80
134
312
611
379
36
46
56
38
638
479
374
490
37
28
37
37
348
426
392
308
16
26
23
9
255
224
154
188
46
35
41
39
21
25
104
106
71
44
26
6
120
17
123
10
194
263
500
280
16
21
31
27
693
471
230
569
29
28
31
36
238
317
292
204
10
13
11
6
215
146
93
114
42
34
31
36
32
25
157
93
51
22
34
6
64
58
46
8
211
552
585
307
25
27
39
28
386
358
421
362
18
22
39
26
237
263
225
199
6
25
22
3
188
157
111
101
27
37
29
18
10
7
118
84
46
67
21
17
105
117
29
101
159
426
417
278
25
31
36
16
923
269
350
974
26
30
39
35
223
817
800
198
11
35
32
9
155
101
59
64
38
34
30
31
14
26
65
52
55
38
45
20
46
44
48
19
119
256
440
290
25
22
42
19
591
337
492
616
15
25
29
21
221
426
395
177
22
31
30
18
201
134
76
55
21
25
25
18
12
7
51
49
35
32
56
47
39
34
38
20
164
392
751
483
30
57
61
23
638
546
748
606
25
31
48
27
431
441
406
373
22
32
29
12
292
254
188
147
38
29
32
39
26
21
170
87
42
42
48
49
37
40
16
31
315
589
851
467
49
52
74
46
732
626
728
631
20
57
64
24
481
466
416
421
22
46
42
15
292
183
92
109
72
46
60
75
5
3
157
57
57
31
16
15
73
58
48
53
269
690
960
522
53
59
92
56
750
736
873
701
31
82
86
36
530
475
428
466
25
34
29
16
289
228
165
116
83
50
53
79
5
14
140
78
46
21
21
14
81
72
53
25
208
511
1014
468
35
51
56
42
559
398
564
663
38
50
77
56
275
463
421
202
27
35
31
22
366
222
139
116
65
53
47
53
8
12
142
65
59
40
18
15
101
86
31
61
188
516
967
390
24
31
53
23
490
351
391
511
40
38
57
45
259
353
327
233
22
27
22
14
325
315
223
146
45
49
48
36
10
20
138
82
55
45
21
14
61
38
28
44
112
268
808
312
36
41
59
37
696
422
505
622
41
35
55
58
312
640
606
172
28
25
21
20
204
143
81
140
77
51
36
30
26
38
104
91
43
30
14
23
17
24
10
21
134
149
570
287
41
50
63
32
821
329
462
844
37
32
51
45
332
600
569
179
18
23
22
10
241
174
92
106
68
43
48
50
73
74
116
82
77
39
52
29
67
55
42
33
260
668
1104
591
26
50
61
37
1072
911
802
862
43
41
60
48
250
10
3
78
36
35
28
22
414
224
148
143
61
47
39
28
57
59
132
99
65
38
66
12
67
78
46
29
417
1161
1748
953
43
72
78
48
1348
1083
1320
948
59
52
74
75
227
23
3
66
45
63
58
37
805
307
377
261
81
76
54
58
39
33
127
73
60
61
46
65
79
24
60
22
859
1777
2693
1875
91
187
311
147
1809
2076
2359
1149
146
92
109
123
571
32
6
48
63
84
69
51
1855
525
479
753
253
154
138
179
10
23
94
90
59
43
63
54
37
60
39
55
135
237
393
168
159
157
273
176
97
177
161
78
408
221
155
207
29
66
139
84
74
47
47
68
25
25
9
28
116
183
313
153
194
229
243
186
116
172
142
75
296
133
79
110
42
22
61
67
49
24
39
21
22
16
5
13
83
154
252
109
114
177
150
95
67
135
125
60
211
111
79
158
38
25
67
72
57
25
26
23
47
28
10
20
57
143
209
91
165
245
202
90
96
172
141
68
259
97
92
232
23
13
148
66
73
52
53
25
111
109
58
40
88
79
259
144
208
290
264
127
124
255
230
90
305
168
91
193
9
33
91
82
110
83
65
62
63
51
15
17
151
140
424
170
228
237
200
128
119
190
159
79
371
246
144
258
18
15
66
119
62
64
51
26
47
37
8
31
105
86
256
162
203
266
206
112
134
194
157
85
223
136
84
158
7
21
64
73
32
29
37
24
55
45
24
11
202
303
463
267
264
291
263
203
206
236
199
177
369
248
110
206
6
8
74
51
65
41
22
22
63
60
32
43
148
106
291
149
219
351
316
164
125
200
141
91
177
174
127
149
29
55
77
67
64
49
24
53
66
54
29
30
97
111
216
125
160
208
238
141
108
172
134
65
220
97
112
38
23
28
87
74
70
70
42
55
100
96
53
39
195
60
201
234
183
341
329
153
88
109
77
58
256
98
106
121
19
28
59
99
48
38
18
6
35
24
9
10
87
115
278
153
193
315
346
173
151
214
156
110
310
225
125
259
54
58
129
62
68
70
21
30
156
133
104
29
42
32
122
77
164
399
403
94
109
156
94
75
132
75
70
112
72
176
245
73
44
51
17
13
56
41
14
47
