2
1
1
1
1
1
1
1
1
1
1
1
1
1
1
1
1
1
4
2
1
1
1
1
6
1
5
10
6
8
6
1
8
10
7
2
6
1
4
6
5
7
5
1
4
1
3
4
5
6
6
2
5
1
4
5
5
2
5
8
6
7
7
2
14
4
8
14
45
48
13
4
11
14
13
6
10
2
2
4
7
10
12
3
13
5
8
14
4
3
12
5
12
3
3
8
12
3
55
56
3
6
13
4
4
2
3
3
1
2
2
1
2
3
3
1
2
1
3
3
1
2
2
1
4
2
2
1
1
1
3
3
3
2
1
1
2
1
2
4
2
2
8
3
4
9
7
10
11
4
9
12
9
4
12
6
12
13
6
11
11
2
8
5
4
8
2
8
10
2
10
4
7
10
11
3
8
12
13
18
16
10
8
3
7
9
10
11
6
4
10
11
7
3
5
2
2
6
6
4
5
4
8
4
7
9
4
4
5
2
7
3
5
7
11
8
4
8
2
7
5
2
7
5
2
2
5
6
2
1
3
6
5
3
1
4
1
1
2
1
3
4
3
2
2
1
1
2
3
4
4
2
5
8
4
4
1
1
1
1
287
288
1
1
1
1
57
57
1
1
1
1
2
4
4
2
2
2
1
1
1
1
90
90
2
2
1
6
4
2
5
1
2
5
1
1
3
3
1
1
1
1
3
4
5
2
2
2
4
5
2
2
2
3
1
1
1
1
1
1
1
1
1
1
1
1
1
1
1
1
2
1
2
2
1
1
1
1
1
1
1
1
2
2
2
2
1
1
1
1
3
2
2
3
1
1
1
1
1
1
1
1
2
1
1
1
1
1
1
1
4
2
1
2
1
1
1
1
5
1
2
5
6
13
9
5
3
5
5
1
10
8
8
15
3
6
6
1
6
1
2
6
1
6
6
1
5
2
4
6
8
4
3
7
2
6
6
1
3
4
2
2
3
4
7
11
9
11
1
1
1
1
8
4
6
9
11
4
7
11
5
6
4
2
9
2
5
5
3
5
3
6
23
4
12
6
6
10
5
4
3
4
21
21
13
13
7
9
19
20
49
36
36
32
8
9
5
6
15
14
11
14
6
14
14
9
6
6
1
1
28
8
6
28
14
19
9
11
8
9
8
7
5
5
7
8
13
11
22
15
19
33
24
11
4
3
5
5
11
11
8
11
7
3
3
7
46
139
108
12
22
41
64
36
5
3
4
7
4
90
90
3
7
4
6
9
6
10
23
13
16
13
15
13
6
3
4
7
16
17
11
13
5
1
2
6
7
27
35
4
60
60
99
77
5
1
3
6
6
82
80
3
5
1
2
7
9
12
11
9
9
4
6
11
7
3
4
8
3
6
6
2
13
3
6
14
26
9
6
27
52
35
58
66
15
4
5
17
20
36
35
17
10
1
2
11
13
343
339
7
35
22
23
24
17
5
7
18
3
13
14
2
58
27
28
34
15
19
29
24
43
86
146
57
24
25
29
30
17
14
13
14
50
28
20
36
30
414
412
16
32
28
21
33
18
18
22
21
10
24
25
21
64
65
42
42
17
14
11
16
34
51
103
30
19
15
17
24
16
37
31
17
40
46
39
26
18
578
576
21
25
24
25
26
13
7
10
14
15
29
25
23
138
74
49
107
10
11
9
9
29
50
73
31
21
18
21
25
36
33
42
39
43
45
31
33
36
574
581
30
35
31
38
40
11
8
9
12
24
25
18
26
76
100
42
49
14
12
9
11
35
74
139
32
14
22
23
16
145
138
30
38
37
23
20
29
15
1
11
17
15
24
28
17
16
14
15
19
18
20
19
22
76
58
37
69
14
13
13
10
1
2
22
13
15
26
18
22
24
20
31
47
21
27
9
1
11
11
19
18
19
24
36
26
28
40
10
17
15
9
632
71
60
623
14
9
13
13
1
3
21
24
12
23
35
21
29
42
49
30
26
34
10
1
8
12
15
20
21
17
21
34
24
22
18
12
11
17
10
4
5
11
4
4
2
2
3
5
1
1
17
17
21
22
5
17
15
2
73
72
42
44
5
4
18
9
10
3
6
12
20
9
10
20
7
15
13
5
2
13
15
6
4
5
3
3
8
6
4
3
15
19
23
19
17
6
8
19
28
50
39
13
12
8
13
26
7
17
18
8
3
25
26
4
16
3
2
15
40
3
4
41
5
9
6
2
4
10
3
1
21
16
19
26
55
62
44
35
31
20
17
30
10
12
16
13
14
16
17
20
7
5
6
11
7
9
7
4
26
19
17
20
5
4
3
3
19
16
19
23
14
13
20
23
3
15
14
5
6
10
13
4
2
2
3
2
2
2
2
2
13
15
10
12
91
18
17
84
2
10
10
8
1
3
1
1
20
22
22
26
25
20
37
38
6
6
5
6
49
27
32
44
35
24
20
23
19
16
5
19
13
12
12
13
1
1
1
1
2
3
2
2
15
20
3
18
16
14
27
31
3
2
5
4
3
2
2
1
48
36
18
37
10
12
8
13
8
8
7
8
15
13
17
17
1
2
9
2
1
1
1
1
5
5
9
9
35
32
25
22
6
6
2
6
1
1
1
1
2
1
1
1
1
2
1
1
12
9
14
15
24
17
42
32
2
2
2
3
4
4
17
10
3
28
26
7
12
11
5
12
1
1
1
1
5
12
14
11
34
55
67
56
2
3
3
3
13
19
39
23
2
2
3
3
8
9
9
8
1
3
5
4
2
1
55
47
30
32
2
1
23
25
26
28
56
35
42
70
28
36
47
35
20
26
25
34
13
12
10
14
29
29
30
30
36
37
32
35
31
6
11
20
51
55
14
18
9
6
8
6
28
29
30
29
22
24
23
21
20
20
42
41
25
24
10
14
22
23
26
25
26
26
27
28
30
34
30
29
59
65
46
35
96
93
36
36
4
6
1
1
40
41
35
41
24
25
20
28
27
32
72
74
18
19
16
16
18
18
19
19
32
32
34
35
38
37
35
37
47
60
78
83
35
37
23
23
26
26
4
28
46
47
39
43
22
23
67
60
3
3
3
3
25
25
27
27
29
30
31
30
25
26
24
24
14
23
26
21
12
22
11
11
27
22
24
31
35
31
44
47
10
10
25
40
32
35
14
16
18
18
18
15
9
9
9
9
23
29
25
23
22
21
21
22
39
30
25
34
33
32
34
36
61
65
62
74
34
32
1
32
90
93
38
37
43
42
35
36
26
24
24
26
37
37
37
37
2
1
33
34
4
10
5
3
10
8
10
13
8
18
19
10
10
13
25
27
37
39
3
3
18
18
11
13
3
3
3
3
9
11
9
9
12
13
59
58
9
12
6
7
1
2
5
11
16
11
9
7
4
8
10
9
10
17
42
34
3
5
8
8
3
3
12
15
20
14
16
14
11
12
36
40
37
40
58
63
31
31
29
22
25
33
36
50
37
35
35
37
63
57
74
75
29
28
40
38
29
35
30
26
10
32
39
42
39
36
60
56
75
90
55
48
27
39
2
4
5
1
46
51
55
58
72
98
101
59
43
50
123
111
117
115
45
47
41
42
28
35
32
32
28
31
34
44
40
42
14
36
58
44
20
28
19
17
23
28
23
29
34
48
49
86
32
35
55
92
48
53
19
19
35
24
26
35
25
26
23
23
28
33
64
51
20
31
17
17
1
1
1
1
44
36
41
51
59
64
24
28
74
68
94
95
28
29
27
27
1
2
26
33
35
30
32
33
29
30
31
33
48
56
29
30
29
28
3
3
1
1
45
51
53
51
33
35
22
24
41
57
32
54
19
27
21
18
6
3
5
6
34
26
32
42
26
30
26
24
1
1
92
93
7
5
3
3
3
2
1
1
21
15
21
28
55
56
2
11
35
41
85
79
2
2
1
1
27
17
18
29
13
5
12
20
11
14
12
6
8
3
48
56
4
2
1
3
1
1
1
1
16
18
23
28
18
17
2
6
14
21
41
27
8
4
3
5
26
31
32
36
7
15
17
16
19
15
8
17
3
1
2
4
6
6
5
5
2
2
1
1
16
22
25
28
4
10
6
4
42
34
22
31
4
5
5
2
31
21
24
37
3
13
14
11
5
6
3
3
6
2
3
23
5
7
5
3
22
30
22
34
2
5
1
1
3
13
17
6
9
9
8
8
17
21
20
29
9
11
13
15
6
12
10
4
3
10
11
5
9
26
23
8
36
21
25
39
5
14
2
4
2
3
4
31
16
17
12
14
23
28
35
36
9
13
13
12
14
12
8
10
4
6
7
8
17
23
16
13
1
1
1
1
15
21
23
26
4
6
4
3
9
7
7
9
17
23
19
10
14
13
16
22
8
5
4
9
14
21
17
7
1
1
2
3
17
15
6
14
1
1
1
1
10
16
19
14
3
2
2
3
7
8
9
8
16
16
9
12
18
17
23
25
5
5
7
8
17
30
24
9
9
5
8
10
18
18
9
16
1
1
1
1
15
14
16
21
8
8
6
7
5
6
8
6
16
23
15
11
18
18
22
26
5
7
8
7
30
28
15
26
8
23
7
6
12
8
3
11
2
1
9
19
20
14
13
6
1
11
4
16
18
9
27
27
14
26
4
22
23
15
1
3
5
2
11
13
4
10
2
1
2
2
6
6
3
3
5
5
8
8
3
5
4
5
4
9
11
9
2
6
2
7
6
7
9
13
1
2
3
2
10
10
4
8
3
2
2
2
6
6
3
5
78
672
662
113
11
2
7
17
3
7
6
2
1
1
2
3
5
11
9
6
12
9
11
19
6
3
6
10
8
22
18
2
5
4
6
7
6
7
5
5
4
6
6
3
6
9
10
10
8
9
8
7
5
4
5
7
9
9
4
7
16
8
16
23
4
3
5
7
15
21
14
11
14
4
5
12
7
9
8
3
33
21
11
126
17
6
12
22
4
10
8
2
11
3
6
15
5
11
10
5
10
12
14
18
8
1
3
10
22
30
21
17
2
8
10
3
3
2
2
3
112
35
24
166
22
16
21
26
6
4
4
4
3
2
3
4
5
4
3
3
11
16
19
19
5
6
7
7
20
20
11
17
5
3
6
4
3
8
5
3
15
12
19
15
7
12
15
14
5
7
4
3
7
8
10
10
7
10
7
4
12
15
22
23
6
6
7
10
21
28
18
10
3
2
2
3
7
8
4
4
24
14
13
28
9
15
18
14
7
3
1
1
4
6
7
7
9
18
17
5
14
5
9
17
7
6
8
10
15
86
77
12
35
25
11
30
14
16
13
13
66
57
88
82
10
13
14
12
8
8
8
7
7
8
9
10
14
13
8
13
10
14
11
20
7
6
6
7
131
107
98
159
11
13
6
6
7
7
7
7
164
175
272
235
13
11
14
17
7
7
6
5
4
4
7
5
10
7
4
9
8
11
13
14
4
4
4
4
95
185
170
90
25
29
14
20
2
5
5
2
96
100
155
149
13
11
13
17
6
9
6
3
4
6
7
8
6
11
8
5
8
6
7
13
6
5
7
9
151
89
73
147
3
7
29
8
3
5
6
4
26
15
17
34
7
10
12
9
5
5
4
3
6
6
9
7
5
4
3
5
24
11
17
30
6
5
5
6
34
51
43
22
143
99
115
81
13
23
19
10
194
248
340
275
27
15
20
31
85
45
72
74
15
7
12
19
5
16
12
3
53
37
45
59
8
4
6
9
34
32
18
32
151
155
91
82
11
18
15
8
242
219
324
354
28
23
26
36
146
117
174
162
11
7
9
14
7
10
8
5
41
41
64
52
9
5
7
11
45
61
49
37
42
42
20
36
37
36
63
42
271
186
312
341
26
19
23
33
92
93
141
124
8
7
8
12
13
25
17
10
102
105
84
71
7
3
4
8
43
57
41
37
57
47
43
63
60
49
64
62
47
38
7
3
31
18
25
35
114
90
117
128
15
4
6
16
20
41
35
25
13
12
35
25
10
8
9
12
56
73
54
48
105
93
44
58
29
43
50
43
12
17
6
6
23
22
29
32
7
8
6
2
17
6
13
19
11
18
18
17
4
4
7
12
8
6
8
10
45
59
43
40
22
33
38
35
46
52
47
42
47
27
15
17
31
30
35
39
19
20
15
16
21
30
31
28
31
31
27
31
20
20
21
33
31
25
26
32
82
82
70
76
49
40
38
42
43
36
30
41
36
109
21
15
46
39
45
61
23
42
28
22
24
19
20
27
28
38
34
28
24
20
21
26
33
33
35
36
58
80
66
50
36
50
55
84
30
47
28
28
26
12
4
23
30
27
33
36
22
106
16
18
24
27
29
30
16
15
13
15
19
30
31
41
17
16
16
17
53
64
51
45
20
33
34
27
32
39
35
27
80
88
13
23
42
40
47
52
13
13
12
13
68
72
75
82
48
38
34
40
15
14
16
18
30
29
30
31
61
63
51
57
48
94
97
34
32
34
29
26
139
100
137
169
30
24
30
39
18
9
8
18
17
9
16
24
139
32
25
133
6
10
11
10
8
7
7
8
42
44
30
34
23
80
77
34
43
30
22
39
171
65
77
175
34
41
45
45
35
20
18
34
28
21
31
39
141
51
40
135
21
21
24
27
24
24
26
27
48
57
47
42
18
52
77
44
38
46
38
30
125
95
56
102
49
34
42
60
25
23
21
24
33
27
33
46
125
48
37
117
27
19
23
33
26
26
27
28
39
44
31
35
33
39
85
68
48
52
43
37
128
193
186
175
35
38
50
51
29
28
27
23
35
33
40
44
67
41
25
58
37
24
30
42
38
28
39
41
46
46
33
32
110
107
97
111
48
53
34
42
202
160
181
198
47
51
51
63
41
47
39
39
40
45
49
52
49
51
38
45
28
31
32
34
27
28
30
32
46
64
51
39
73
77
74
58
70
81
72
68
75
111
89
86
65
61
71
81
75
83
77
64
71
60
72
77
77
81
73
74
68
57
62
72
83
71
41
71
91
88
77
83
73
69
78
77
65
79
65
54
108
143
147
110
69
49
64
82
45
60
51
33
56
46
71
81
59
76
69
46
40
41
59
63
95
98
74
72
68
82
61
56
46
79
78
58
68
71
57
58
109
74
108
161
80
72
93
98
54
52
20
26
40
34
69
75
101
102
87
118
45
47
65
76
34
30
44
46
71
74
53
57
90
119
81
75
94
106
89
74
117
114
148
165
75
64
81
102
55
64
50
54
39
46
54
55
174
119
83
148
35
35
39
49
40
32
35
48
78
98
76
59
69
85
69
41
75
98
73
57
105
82
116
154
67
88
98
104
52
55
43
44
44
43
51
58
146
115
83
129
50
50
61
66
69
52
62
78
70
98
71
62
45
40
39
49
88
89
65
82
56
71
107
96
88
82
83
107
74
82
71
70
60
66
56
78
105
121
96
105
84
76
82
96
86
81
87
99
106
117
94
99
54
34
49
61
71
82
67
66
61
60
84
83
88
75
90
98
44
57
46
38
61
41
45
65
96
96
75
80
47
36
37
52
58
58
62
68
63
72
55
56
37
30
42
50
59
62
44
50
40
42
54
50
51
55
61
72
82
90
77
72
76
66
88
93
84
101
77
71
61
62
69
77
61
41
60
69
73
82
64
58
15
18
23
28
101
114
101
86
91
80
100
87
71
43
62
88
61
76
59
53
61
63
79
89
104
126
99
88
63
65
75
77
82
79
92
104
124
132
110
91
35
20
34
34
73
87
88
37
94
77
139
143
75
49
74
100
59
69
56
34
70
37
59
68
51
82
57
33
71
29
48
62
51
39
62
69
108
98
69
58
81
102
81
59
57
64
28
69
98
97
129
128
35
47
58
69
50
49
24
38
25
50
58
48
30
49
30
19
18
39
53
38
18
38
73
46
67
81
30
42
46
32
26
36
45
54
35
45
68
77
106
100
18
15
21
36
30
27
11
25
17
29
40
44
27
31
10
24
19
21
48
31
14
14
23
30
40
44
16
30
52
52
29
32
38
36
21
23
56
56
62
80
21
19
31
42
32
37
15
18
27
15
33
41
32
41
27
21
15
23
29
27
21
22
30
30
28
34
15
19
25
35
23
21
45
48
31
32
33
33
46
36
21
26
39
43
22
28
14
14
31
32
41
48
42
45
30
34
28
23
31
41
23
29
35
40
44
52
38
31
17
28
18
17
24
29
16
18
23
20
25
28
17
20
31
34
24
28
10
8
23
21
27
45
28
35
27
19
15
18
27
53
11
15
17
46
26
60
18
20
29
12
13
19
25
35
23
18
30
55
59
27
34
19
28
45
19
25
16
12
22
17
23
33
23
29
20
21
20
22
23
24
22
13
15
25
25
43
29
22
60
61
49
45
15
23
15
9
22
22
23
37
12
14
18
25
11
15
10
7
13
10
15
20
10
13
7
9
9
3
7
14
10
8
13
17
30
30
15
25
69
52
36
50
34
36
28
29
47
45
67
58
19
27
30
26
30
31
28
24
29
20
25
34
23
26
21
21
28
24
27
34
23
27
28
31
43
46
40
40
64
48
39
37
40
41
33
29
64
72
103
78
12
11
16
16
22
26
18
16
13
19
24
27
15
25
21
4
21
18
24
30
17
10
17
19
31
34
28
22
40
63
35
37
24
31
17
19
36
36
53
54
14
10
15
21
9
14
9
6
8
12
15
20
24
29
18
18
12
16
19
21
10
7
12
18
20
27
17
13
18
11
18
26
11
15
9
8
23
16
18
28
9
11
14
20
10
13
8
7
3
6
7
7
7
10
3
6
7
9
10
13
9
7
12
15
15
15
6
14
14
29
34
23
94
99
92
90
79
90
118
115
56
53
59
65
69
72
67
66
24
20
26
29
40
43
37
37
52
51
52
56
42
43
45
46
98
104
96
90
20
13
17
24
31
36
31
28
99
107
166
149
17
25
28
27
38
50
44
32
18
10
13
23
25
29
26
20
23
13
18
26
21
19
22
25
31
31
26
30
27
28
30
30
42
43
36
40
66
69
103
120
42
44
45
45
33
35
32
32
37
34
38
42
35
39
31
32
40
43
24
47
34
31
33
38
35
41
35
30
50
44
45
55
59
74
67
54
99
95
83
105
49
44
45
55
63
78
70
60
40
36
40
48
47
57
49
44
63
53
51
68
42
35
37
45
33
38
31
32
24
26
27
26
41
43
37
38
78
83
86
80
55
42
50
60
32
34
27
31
27
27
28
32
34
38
29
32
26
21
23
31
40
31
34
45
34
42
37
31
4
3
5
6
47
46
39
44
94
91
173
172
84
79
71
71
37
40
33
36
43
42
44
46
46
44
41
40
70
46
47
52
33
35
38
36
42
49
44
37
13
10
11
15
37
40
33
32
53
68
104
92
67
80
74
55
35
38
30
32
33
24
27
38
31
34
25
26
34
36
37
37
40
25
30
44
38
41
38
37
6
5
6
7
12
21
20
9
66
66
104
100
86
83
62
50
12
19
12
9
6
7
12
13
14
29
23
9
17
8
13
23
17
15
19
25
14
16
12
13
27
27
29
32
54
55
49
50
56
72
112
83
75
71
65
70
63
63
61
58
39
41
44
45
44
51
45
41
61
67
72
71
55
57
59
63
67
72
66
60
3
2
9
4
31
25
22
20
82
50
84
112
8
6
15
13
19
23
14
8
9
6
14
16
23
20
7
13
8
5
18
15
6
13
24
19
30
22
14
13
4
4
6
5
38
29
43
46
134
117
175
175
4
3
6
7
14
16
11
10
5
9
12
11
10
11
5
9
6
8
11
14
8
6
10
16
14
13
3
9
4
4
5
5
10
5
2
14
80
76
136
128
14
5
11
16
8
12
7
6
2
3
3
2
5
4
2
4
10
7
10
16
7
11
16
17
7
6
3
6
63
63
46
47
42
45
41
39
104
74
145
147
42
42
49
48
46
44
41
44
29
25
26
32
25
23
22
20
46
37
44
50
38
38
40
42
47
49
44
42
57
49
33
29
28
23
23
24
82
86
116
97
28
33
34
33
42
44
40
40
18
22
25
22
29
31
28
26
40
36
47
46
36
41
42
40
33
35
31
30
31
42
104
87
58
60
51
47
47
50
75
86
47
42
45
48
55
61
56
52
54
48
50
54
51
45
32
36
57
57
60
67
57
55
57
62
57
59
52
54
2
2
3
6
7
5
3
6
60
56
69
88
18
11
16
25
14
10
7
11
11
4
8
15
68
69
5
9
17
24
29
25
6
7
9
9
9
14
9
6
34
27
39
43
9
12
8
6
114
154
118
116
6
11
13
16
8
13
6
6
6
11
13
11
3
1
8
11
18
16
2
7
8
5
8
13
10
6
38
32
81
95
7
6
4
5
37
22
42
71
11
14
17
20
12
20
17
7
13
9
13
18
10
14
8
9
10
12
14
18
2
3
4
4
12
9
7
11
97
117
74
60
14
15
12
10
105
114
98
98
6
9
12
12
15
14
6
12
23
13
19
31
9
11
19
20
15
33
19
20
8
6
8
10
13
19
16
7
12
13
9
8
9
13
9
6
42
27
47
57
16
10
14
19
17
15
9
15
8
15
17
16
8
14
14
6
17
31
18
11
11
13
14
12
12
11
6
10
8
7
4
7
14
17
13
8
1
1
2
1
20
13
18
24
11
11
7
8
13
13
18
22
11
8
6
8
2
2
4
8
10
11
13
13
12
13
8
7
1
1
1
1
24
32
20
20
2
4
4
3
39
14
16
42
14
41
33
11
33
19
21
47
12
8
5
11
7
5
5
9
12
8
10
15
7
11
6
5
7
3
3
7
19
19
13
15
6
7
5
4
19
13
16
25
11
14
10
9
11
8
9
11
10
13
9
9
25
9
14
27
16
9
11
19
9
14
10
8
96
76
37
57
30
19
26
33
91
102
134
131
15
29
30
20
14
12
8
11
10
18
20
16
16
8
5
14
22
23
27
27
6
4
6
10
11
16
11
9
4
1
3
5
9
20
10
6
5
5
3
3
11
47
53
18
16
13
10
13
10
12
17
16
23
10
6
22
14
8
13
19
17
15
20
20
11
15
11
9
7
4
6
10
7
18
12
4
13
15
11
6
16
34
37
23
23
22
20
20
10
15
19
16
25
16
14
21
18
13
19
25
15
15
20
23
9
13
8
6
6
4
7
9
56
60
9
10
9
12
8
5
22
15
20
28
20
21
5
9
15
6
10
17
44
48
11
11
122
15
23
133
15
8
34
40
43
47
11
11
9
3
4
11
8
23
20
6
6
9
7
4
21
9
15
27
11
22
18
6
16
9
12
20
9
26
19
7
38
129
135
46
18
7
15
25
14
23
18
11
15
8
11
16
61
76
19
5
13
15
8
6
23
14
20
35
35
44
12
8
13
15
18
21
71
89
24
9
16
10
39
47
21
11
18
27
71
86
25
11
10
18
19
20
16
39
30
12
18
22
17
21
16
10
14
28
14
20
16
8
18
11
13
27
13
28
21
10
27
10
19
36
20
18
26
35
13
30
26
10
97
87
62
78
20
24
17
16
45
49
54
47
14
14
18
23
11
15
10
7
24
8
16
27
12
14
11
10
12
11
16
14
21
21
26
30
13
18
11
11
33
29
28
28
15
13
6
13
60
74
109
82
5
8
10
11
73
66
21
23
12
10
15
21
25
30
14
10
12
9
9
15
10
9
28
34
32
31
4
9
54
63
48
41
10
18
15
12
73
59
81
91
9
10
13
11
10
11
8
5
16
13
18
23
14
11
5
12
21
20
22
23
9
5
9
11
12
16
12
8
21
16
8
26
19
34
26
18
72
60
69
73
26
18
24
30
15
7
17
14
15
16
18
23
12
19
12
10
23
24
27
30
16
15
17
24
17
30
28
15
135
110
76
94
24
31
22
18
46
45
42
55
12
12
15
19
9
12
12
8
15
10
13
22
15
21
15
13
24
14
20
30
10
11
12
18
18
25
19
13
67
87
62
49
23
30
22
18
57
74
84
71
21
12
14
25
13
8
8
11
5
13
14
10
18
20
13
15
22
13
14
24
14
13
14
17
14
24
22
11
86
74
55
68
14
23
14
12
48
51
49
62
29
27
31
35
7
11
8
5
11
12
15
19
14
23
17
8
27
18
24
34
14
8
13
19
23
25
20
18
28
30
20
32
56
65
55
51
32
49
50
41
126
111
118
134
29
49
38
23
52
46
48
62
54
68
61
49
56
46
53
60
65
54
61
75
46
53
46
41
12
4
5
18
21
37
27
16
31
33
45
42
54
44
49
66
21
32
25
10
28
10
16
37
40
50
29
20
35
21
26
44
22
14
17
30
36
44
23
21
104
86
124
100
32
135
108
24
23
58
49
35
118
45
54
145
31
123
101
26
117
29
35
149
40
149
120
30
103
28
36
131
130
27
32
156
30
155
130
30
19
17
70
75
66
79
68
55
22
25
21
19
75
74
82
95
71
89
79
65
72
61
67
84
58
63
53
48
33
26
32
42
70
60
65
78
50
68
55
42
32
2
5
62
57
80
74
52
14
53
50
20
73
39
53
80
59
81
74
56
65
42
48
76
47
74
68
44
33
15
20
38
77
42
52
87
39
74
62
32
51
62
43
72
43
84
76
52
51
87
86
87
57
49
50
72
26
78
72
18
51
52
33
56
38
83
72
30
56
23
30
68
62
62
45
69
37
69
59
49
84
43
37
80
136
176
165
236
59
105
96
67
215
265
251
232
224
178
166
229
147
187
190
155
234
185
169
250
113
165
170
119
157
212
213
167
208
151
140
215
76
60
44
73
41
98
86
41
39
77
71
51
114
89
62
123
71
102
87
68
90
59
51
98
79
105
98
74
79
59
60
88
86
63
66
94
85
126
120
81
104
85
105
125
91
121
63
57
35
49
41
28
108
93
92
114
65
66
53
61
58
76
81
69
71
84
71
70
71
66
73
82
68
71
79
74
126
131
68
73
100
97
70
98
48
84
67
42
26
71
64
22
58
38
42
74
31
70
56
28
56
39
36
65
60
91
90
58
64
44
52
77
78
83
67
90
37
73
65
32
58
62
44
67
85
94
78
80
52
86
75
91
75
83
90
93
70
74
61
65
57
62
70
70
88
90
76
103
76
79
83
94
67
72
77
80
83
88
75
74
53
25
18
55
38
63
44
31
29
44
34
25
69
35
45
80
31
55
46
28
48
32
35
60
33
60
51
24
56
43
49
67
46
32
36
56
52
70
53
48
69
39
34
53
31
66
51
23
37
76
66
32
63
59
50
78
25
60
47
21
51
44
41
63
30
56
42
27
58
34
43
72
57
36
44
72
27
69
55
21
122
104
98
109
108
93
78
106
76
51
41
71
78
122
124
112
123
90
80
118
100
100
73
111
101
111
100
113
84
119
122
89
69
71
92
100
98
120
102
128
46
58
62
75
67
78
54
54
43
72
54
39
56
55
120
139
87
85
64
54
82
47
97
126
105
162
112
65
85
58
107
143
104
50
85
133
112
164
105
59
51
20
26
60
31
58
57
28
21
40
35
15
53
25
43
76
31
75
52
27
49
42
71
76
55
75
52
29
47
27
45
71
64
36
45
85
59
96
73
63
42
13
14
53
28
75
60
28
29
55
42
8
74
42
47
91
16
58
45
12
50
20
24
63
44
85
67
39
64
22
29
80
75
33
40
91
34
83
68
26
45
30
24
54
55
85
65
37
32
38
44
72
55
38
155
181
44
70
43
32
50
29
76
103
72
102
61
34
45
61
100
110
38
30
86
91
53
74
41
37
68
98
56
86
138
146
65
63
109
118
70
62
79
72
146
156
144
156
86
95
76
102
128
135
150
151
83
134
73
63
116
126
79
56
120
143
125
131
62
71
207
101
103
171
159
242
215
134
180
260
218
137
149
150
156
160
169
253
215
146
232
128
202
318
199
323
259
150
231
139
224
325
214
137
160
253
146
220
187
115
50
100
107
66
193
146
112
132
149
82
93
140
37
26
34
48
189
127
94
129
60
159
189
132
237
167
96
172
73
123
179
139
167
248
303
249
171
205
94
176
74
80
86
84
185
177
94
115
116
104
94
107
107
94
145
163
152
154
143
148
126
132
158
163
220
213
172
156
210
190
245
238
265
303
330
324
81
111
96
102
93
99
150
160
135
143
111
110
140
149
101
95
225
216
388
408
156
160
106
110
107
96
170
188
221
236
139
131
120
118
150
160
222
184
276
291
438
419
106
95
237
122
261
410
198
361
344
227
236
384
317
188
323
213
188
333
284
416
286
176
304
174
196
325
203
323
315
183
406
286
280
422
271
167
189
281
168
313
309
188
391
399
468
470
234
234
124
309
388
381
64
188
160
205
237
231
259
272
109
117
160
179
219
229
250
288
215
221
158
339
234
222
169
172
214
219
256
303
212
202
69
157
321
267
232
242
135
127
321
335
101
101
171
257
356
265
313
241
131
209
149
224
320
242
307
202
167
278
116
119
136
165
219
344
358
332
637
549
446
545
302
150
226
382
225
409
316
134
167
343
279
107
345
238
372
480
304
464
375
220
358
221
333
468
181
171
121
134
313
166
161
347
353
199
370
525
312
445
340
214
179
303
434
322
471
350
119
243
310
213
98
202
242
329
538
470
412
332
167
254
177
284
531
440
241
277
157
135
85
208
245
212
126
226
411
323
669
702
220
321
122
132
276
264
215
199
130
144
173
143
92
126
184
203
282
265
292
243
128
172
127
147
280
255
239
257
137
129
66
60
92
88
95
131
268
219
278
289
180
166
142
122
238
254
261
276
125
113
218
231
141
110
192
178
214
234
276
313
131
109
176
138
356
396
299
313
168
151
143
115
178
193
197
167
336
369
317
362
257
213
411
199
273
468
506
631
430
285
316
518
438
263
433
214
274
474
472
610
472
299
501
290
404
570
349
517
452
248
398
188
262
438
578
438
565
710
425
597
511
360
405
358
411
479
337
420
317
260
349
432
368
403
617
537
650
744
338
425
345
275
380
324
394
471
453
559
431
350
297
243
297
372
393
309
368
489
587
707
534
449
230
309
407
320
473
422
319
367
288
269
221
237
272
362
438
354
439
350
280
360
263
325
445
377
363
277
225
304
230
320
410
321
632
674
733
685
586
511
458
534
300
386
560
467
510
464
301
356
308
264
215
270
223
340
435
320
472
422
283
332
308
434
607
489
671
579
423
532
278
386
521
414
395
491
785
704
1287
1222
934
1006
432
437
503
512
778
811
586
597
402
414
280
279
322
317
537
542
517
547
380
384
297
291
323
363
554
556
461
461
308
311
375
381
513
518
606
609
1270
1268
1176
1172
492
454
799
825
507
533
318
291
315
335
243
215
410
408
913
919
907
935
602
571
1129
1095
1471
1494
1150
1202
496
450
351
307
445
503
513
460
768
823
1045
1092
834
792
181
133
219
298
294
290
189
187
96
116
77
91
180
181
260
265
252
329
254
154
272
269
368
366
340
324
260
276
196
142
209
252
286
249
334
366
859
940
837
768
201
149
227
281
220
277
198
138
127
132
110
89
147
108
222
225
285
257
173
201
195
168
252
274
258
261
176
168
149
161
246
244
149
191
273
249
1694
1721
1624
1596
222
238
325
317
275
271
184
210
201
204
180
170
212
205
304
341
289
301
203
221
201
202
267
287
290
318
212
197
207
190
284
311
223
217
295
319
2069
2056
1956
1981
107
114
120
120
128
125
112
121
136
141
129
128
134
139
144
162
148
136
126
145
123
149
160
129
154
156
142
142
142
150
159
159
135
145
149
146
296
269
261
287
147
138
147
161
148
168
151
117
133
171
152
117
121
110
119
132
146
152
127
138
129
118
127
149
172
197
178
156
172
158
167
184
158
146
153
165
191
199
175
181
300
206
210
312
230
236
221
223
151
137
113
111
238
145
172
247
195
193
173
168
204
191
227
226
343
340
325
325
303
285
300
319
291
289
316
310
358
311
357
351
187
251
275
206
242
148
130
131
173
54
106
79
136
199
211
153
105
140
107
91
139
122
186
173
202
180
165
197
188
184
290
206
120
144
150
132
334
275
253
233
178
172
182
196
158
138
127
129
125
114
89
86
137
153
159
154
108
104
97
92
134
131
143
143
112
105
96
99
138
147
160
154
109
112
121
116
211
199
186
200
134
136
142
142
126
244
130
122
121
240
111
114
146
147
158
159
107
123
103
99
115
113
120
182
109
139
114
103
123
113
123
204
115
109
118
128
149
215
122
145
92
104
118
103
71
96
89
68
63
105
85
59
120
64
160
130
58
87
74
56
111
63
106
119
64
94
83
60
116
84
91
128
95
65
73
106
88
97
82
82
88
76
174
188
98
101
92
94
115
125
113
99
94
95
105
182
78
86
80
75
96
109
114
129
100
93
85
98
107
119
134
142
75
93
96
90
83
86
74
78
77
60
73
91
62
71
58
52
144
53
38
43
47
55
67
63
39
61
53
33
62
54
67
75
41
52
44
33
64
55
68
72
45
34
44
55
78
84
76
69
109
97
125
128
92
120
105
82
89
128
115
80
111
98
109
131
88
111
102
74
121
99
108
130
91
113
99
85
119
93
97
129
99
79
84
110
108
127
117
97
109
110
125
123
118
112
91
107
111
114
92
104
83
93
103
101
102
85
75
91
86
80
88
94
174
97
82
84
85
97
104
94
85
88
196
97
166
117
97
104
91
76
91
107
91
88
76
73
75
80
68
67
97
92
103
107
84
89
72
75
81
88
93
91
87
102
90
76
81
86
91
91
87
76
89
98
190
123
113
109
65
98
109
89
71
69
56
60
61
151
57
56
113
106
115
128
92
70
55
78
57
69
80
74
73
126
43
63
63
67
74
77
57
70
77
148
96
171
63
86
89
92
108
98
89
110
97
72
98
94
85
81
144
139
151
156
73
98
86
69
92
91
100
110
68
81
75
64
80
65
72
91
84
71
80
97
83
107
96
70
51
51
55
70
67
60
35
61
59
81
57
47
85
106
110
110
65
62
49
62
62
66
70
75
51
61
47
45
49
62
82
67
43
54
57
61
62
59
41
59
48
44
49
57
44
59
43
34
58
63
49
50
77
83
89
87
40
44
35
29
60
55
60
67
41
41
25
37
55
64
71
81
27
29
40
44
44
53
34
33
111
91
98
121
110
125
109
100
104
108
92
101
134
100
108
151
78
107
94
73
101
103
112
115
85
100
86
79
98
89
97
109
88
82
94
106
86
108
90
83
102
85
93
125
91
126
106
76
95
122
101
75
105
83
96
123
81
110
91
71
114
101
106
142
81
118
98
73
96
83
88
111
97
66
86
119
89
115
98
70
73
90
117
96
108
95
74
93
100
96
83
77
107
111
141
133
98
98
67
82
78
87
95
92
95
91
66
80
83
69
79
95
82
87
112
107
117
119
77
94
71
72
78
85
85
83
71
78
95
100
80
83
122
124
126
141
81
101
88
77
102
80
86
107
69
76
67
66
81
75
79
90
79
74
80
91
95
116
89
91
57
38
49
78
66
96
81
47
66
87
67
54
94
84
89
112
66
71
55
57
76
53
62
86
61
77
66
49
78
55
66
92
57
52
62
78
58
82
68
46
52
44
49
65
62
79
66
52
66
82
68
54
71
52
57
81
54
62
49
43
79
61
71
105
47
67
54
42
84
67
76
98
59
47
57
78
61
80
66
54
42
37
48
53
68
59
47
52
38
34
23
31
40
39
46
47
43
38
25
31
68
61
73
78
39
38
28
32
47
64
68
63
23
37
44
36
60
52
38
40
102
77
82
116
110
128
104
95
87
107
87
81
105
93
100
121
95
115
102
88
94
99
114
120
101
106
92
84
85
85
92
95
77
74
97
90
104
117
96
93
97
76
97
117
68
103
73
61
59
93
74
55
87
73
80
102
71
110
96
65
88
74
98
111
75
119
109
65
115
49
57
134
94
61
74
106
63
109
86
59
33
44
52
44
63
50
41
55
44
32
24
39
37
49
67
48
61
55
48
58
54
56
64
62
65
38
32
59
28
76
78
39
51
62
71
63
80
73
60
66
79
76
78
91
61
94
78
56
57
73
64
56
79
58
63
91
98
103
91
92
67
82
86
84
79
89
81
74
70
75
77
83
75
88
92
87
105
124
108
101
59
57
63
78
66
76
59
61
83
82
62
48
61
66
69
74
71
78
59
64
42
52
56
60
68
74
61
63
60
54
59
78
64
61
67
78
72
88
73
63
74
67
75
84
67
68
58
60
65
64
55
59
68
71
74
76
60
63
56
58
80
59
69
87
56
59
55
52
61
53
63
73
50
51
54
57
69
73
60
67
98
85
91
107
70
84
75
61
70
74
61
64
70
67
71
76
80
92
80
67
82
88
93
92
72
79
73
66
70
62
89
81
72
62
67
82
93
98
87
76
82
77
95
106
93
97
79
80
97
104
79
73
75
64
68
86
88
98
78
67
61
60
89
81
70
46
34
47
58
9
12
58
33
43
65
49
87
105
79
74
101
107
119
118
138
113
103
111
32
24
17
28
112
98
108
123
122
123
113
115
1
17
19
3
21
2
1
20
1
7
8
2
133
138
132
127
108
104
112
122
106
120
106
99
8
2
1
4
123
108
118
141
119
116
107
111
3
2
4
2
1
2
1
3
5
2
130
139
128
122
53
45
50
66
42
60
49
39
5
2
1
3
54
55
62
67
48
64
54
42
1
2
3
2
2
2
1
1
1
2
3
2
67
76
70
64
47
74
76
59
53
50
37
49
64
110
52
28
46
55
78
61
38
37
30
36
1
1
4
2
2
2
1
1
2
2
49
61
51
46
40
39
45
46
39
40
33
33
71
67
63
58
48
38
44
52
55
66
60
48
1
1
6
2
2
1
1
2
1
1
2
2
54
48
44
49
42
42
65
61
51
69
46
37
69
76
52
47
63
60
78
70
55
55
47
47
1
4
6
2
1
3
4
2
69
70
66
59
67
90
69
49
58
71
61
54
75
68
74
95
27
5
3
10
1
2
6
2
1
1
3
2
92
98
91
78
98
116
104
79
1
18
22
5
6
2
2
2
88
85
88
82
85
89
93
80
1
6
6
1
1
2
4
2
1
1
2
2
41
42
49
34
64
68
46
53
1
22
27
2
1
10
18
2
1
15
21
2
36
34
36
30
49
40
45
41
4
2
4
2
3
2
33
53
41
24
35
40
34
44
1
1
3
3
1
1
5
2
1
2
43
33
40
45
93
72
68
77
1
16
20
4
1
15
19
2
1
9
10
2
30
30
35
39
67
86
81
57
1
17
29
6
39
33
37
33
96
113
94
72
1
2
5
2
35
41
35
25
60
75
50
50
1
2
4
2
13
20
20
27
82
84
50
51
1
2
5
2
37
45
33
29
67
85
54
52
5
2
29
36
38
32
42
52
45
34
1
3
4
2
90
140
183
169
154
107
131
135
4
2
149
176
163
140
2
3
1
1
8
2
139
128
114
154
1
1
5
2
119
121
113
99
184
200
174
175
169
212
217
188
106
102
89
98
73
81
65
74
90
76
62
70
96
98
80
77
