1738108800
1738108800
1738108800
1738108800
1738195200
1738195200
1738195200
1738195200
1738281600
1738281600
1738281600
1738281600
1738368000
1738368000
1738368000
1738368000
1738454400
1738454400
1738454400
1738454400
1738540800
1738540800
1738540800
1738540800
1738627200
1738627200
1738627200
1738627200
1738713600
1738713600
1738713600
1738713600
1738800000
1738800000
1738800000
1738800000
1738886400
1738886400
1738886400
1738886400
1738972800
1738972800
1738972800
1738972800
1739059200
1739059200
1739059200
1739059200
1739145600
1739145600
1739145600
1739145600
1739232000
1739232000
1739232000
1739232000
1739318400
1739318400
1739318400
1739318400
1739404800
1739404800
1739404800
1739404800
1739491200
1739491200
1739491200
1739491200
1739577600
1739577600
1739577600
1739577600
1739664000
1739664000
1739664000
1739664000
1739750400
1739750400
1739750400
1739750400
1739836800
1739836800
1739836800
1739836800
1739923200
1739923200
1739923200
1739923200
1740009600
1740009600
1740009600
1740009600
1740096000
1740096000
1740096000
1740096000
1740182400
1740182400
1740182400
1740182400
1740268800
1740268800
1740268800
1740268800
1740355200
1740355200
1740355200
1740355200
1740441600
1740441600
1740441600
1740441600
1740528000
1740528000
1740528000
1740528000
1740614400
1740614400
1740614400
1740614400
1740700800
1740700800
1740700800
1740700800
1740787200
1740787200
1740787200
1740787200
1740873600
1740873600
1740873600
1740873600
1740960000
1740960000
1740960000
1740960000
1741046400
1741046400
1741046400
1741046400
1741132800
1741132800
1741132800
1741132800
1741219200
1741219200
1741219200
1741219200
1741305600
1741305600
1741305600
1741305600
1741392000
1741392000
1741392000
1741392000
1741478400
1741478400
1741478400
1741478400
1741564800
1741564800
1741564800
1741564800
1741651200
1741651200
1741651200
1741651200
1741737600
1741737600
1741737600
1741737600
1741824000
1741824000
1741824000
1741824000
1741910400
1741910400
1741910400
1741910400
1741996800
1741996800
1741996800
1741996800
1742083200
1742083200
1742083200
1742083200
1742169600
1742169600
1742169600
1742169600
1742256000
1742256000
1742256000
1742256000
1742342400
1742342400
1742342400
1742342400
1742428800
1742428800
1742428800
1742428800
1742515200
1742515200
1742515200
1742515200
1742601600
1742601600
1742601600
1742601600
1742688000
1742688000
1742688000
1742688000
1742774400
1742774400
1742774400
1742774400
1742860800
1742860800
1742860800
1742860800
1742947200
1742947200
1742947200
1742947200
1743033600
1743033600
1743033600
1743033600
1743120000
1743120000
1743120000
1743120000
1743206400
1743206400
1743206400
1743206400
1743292800
1743292800
1743292800
1743292800
1743379200
1743379200
1743379200
1743379200
1743465600
1743465600
1743465600
1743465600
1743552000
1743552000
1743552000
1743552000
1743638400
1743638400
1743638400
1743638400
1743724800
1743724800
1743724800
1743724800
1743811200
1743811200
1743811200
1743811200
1743897600
1743897600
1743897600
1743897600
1743984000
1743984000
1743984000
1743984000
1744070400
1744070400
1744070400
1744070400
1744156800
1744156800
1744156800
1744156800
1744243200
1744243200
1744243200
1744243200
1744329600
1744329600
1744329600
1744329600
1744416000
1744416000
1744416000
1744416000
1744502400
1744502400
1744502400
1744502400
1744588800
1744588800
1744588800
1744588800
1744675200
1744675200
1744675200
1744675200
1744761600
1744761600
1744761600
1744761600
1744848000
1744848000
1744848000
1744848000
1744934400
1744934400
1744934400
1744934400
1745020800
1745020800
1745020800
1745020800
1745107200
1745107200
1745107200
1745107200
1745193600
1745193600
1745193600
1745193600
1745280000
1745280000
1745280000
1745280000
1745366400
1745366400
1745366400
1745366400
1745452800
1745452800
1745452800
1745452800
1745539200
1745539200
1745539200
1745539200
1745625600
1745625600
1745625600
1745625600
1745712000
1745712000
1745712000
1745712000
1745798400
1745798400
1745798400
1745798400
1745884800
1745884800
1745884800
1745884800
1745971200
1745971200
1745971200
1745971200
1746057600
1746057600
1746057600
1746057600
1746144000
1746144000
1746144000
1746144000
1746230400
1746230400
1746230400
1746230400
1746316800
1746316800
1746316800
1746316800
1746403200
1746403200
1746403200
1746403200
1746489600
1746489600
1746489600
1746489600
1746576000
1746576000
1746576000
1746576000
1746662400
1746662400
1746662400
1746662400
1746748800
1746748800
1746748800
1746748800
1746835200
1746835200
1746835200
1746835200
1746921600
1746921600
1746921600
1746921600
1747008000
1747008000
1747008000
1747008000
1747094400
1747094400
1747094400
1747094400
1747180800
1747180800
1747180800
1747180800
1747267200
1747267200
1747267200
1747267200
1747353600
1747353600
1747353600
1747353600
1747440000
1747440000
1747440000
1747440000
1747526400
1747526400
1747526400
1747526400
1747612800
1747612800
1747612800
1747612800
1747699200
1747699200
1747699200
1747699200
1747785600
1747785600
1747785600
1747785600
1747872000
1747872000
1747872000
1747872000
1747958400
1747958400
1747958400
1747958400
1748044800
1748044800
1748044800
1748044800
1748131200
1748131200
1748131200
1748131200
1748217600
1748217600
1748217600
1748217600
1748304000
1748304000
1748304000
1748304000
1748390400
1748390400
1748390400
1748390400
1748476800
1748476800
1748476800
1748476800
1748563200
1748563200
1748563200
1748563200
1748649600
1748649600
1748649600
1748649600
1748736000
1748736000
1748736000
1748736000
1748822400
1748822400
1748822400
1748822400
1748908800
1748908800
1748908800
1748908800
1748995200
1748995200
1748995200
1748995200
1749081600
1749081600
1749081600
1749081600
1749168000
1749168000
1749168000
1749168000
1749254400
1749254400
1749254400
1749254400
1749340800
1749340800
1749340800
1749340800
1749427200
1749427200
1749427200
1749427200
1749513600
1749513600
1749513600
1749513600
1749600000
1749600000
1749600000
1749600000
1749686400
1749686400
1749686400
1749686400
1749772800
1749772800
1749772800
1749772800
1749859200
1749859200
1749859200
1749859200
1749945600
1749945600
1749945600
1749945600
1750032000
1750032000
1750032000
1750032000
1750118400
1750118400
1750118400
1750118400
1750204800
1750204800
1750204800
1750204800
1750291200
1750291200
1750291200
1750291200
1750377600
1750377600
1750377600
1750377600
1750464000
1750464000
1750464000
1750464000
1750550400
1750550400
1750550400
1750550400
1750636800
1750636800
1750636800
1750636800
1750723200
1750723200
1750723200
1750723200
1750809600
1750809600
1750809600
1750809600
1750896000
1750896000
1750896000
1750896000
1750982400
1750982400
1750982400
1750982400
1751068800
1751068800
1751068800
1751068800
1751155200
1751155200
1751155200
1751155200
1751241600
1751241600
1751241600
1751241600
1751328000
1751328000
1751328000
1751328000
1751414400
1751414400
1751414400
1751414400
1751500800
1751500800
1751500800
1751500800
1751587200
1751587200
1751587200
1751587200
1751673600
1751673600
1751673600
1751673600
1751760000
1751760000
1751760000
1751760000
1751846400
1751846400
1751846400
1751846400
1751932800
1751932800
1751932800
1751932800
1752019200
1752019200
1752019200
1752019200
1752105600
1752105600
1752105600
1752105600
1752192000
1752192000
1752192000
1752192000
1752192000
1752192000
1752192000
1752192000
1752192000
1752192000
1752192000
1752192000
1752278400
1752278400
1752278400
1752278400
1752364800
1752364800
1752364800
1752364800
1752451200
1752451200
1752451200
1752451200
1752537600
1752537600
1752537600
1752537600
1752624000
1752624000
1752624000
1752624000
1752710400
1752710400
1752710400
1752710400
1752796800
1752796800
1752796800
1752796800
1752796800
1752796800
1752796800
1752796800
1752796800
1752796800
1752796800
1752796800
1752883200
1752883200
1752883200
1752883200
1752883200
1752883200
1752883200
1752883200
1752883200
1752883200
1752883200
1752883200
1752969600
1752969600
1752969600
1752969600
1752969600
1752969600
1752969600
1752969600
1752969600
1752969600
1752969600
1752969600
1753056000
1753056000
1753056000
1753056000
1753056000
1753056000
1753056000
1753056000
1753056000
1753056000
1753056000
1753056000
1753142400
1753142400
1753142400
1753142400
1753142400
1753142400
1753142400
1753142400
1753142400
1753142400
1753142400
1753142400
1753228800
1753228800
1753228800
1753228800
1753228800
1753228800
1753228800
1753228800
1753228800
1753228800
1753228800
1753228800
1753315200
1753315200
1753315200
1753315200
1753315200
1753315200
1753315200
1753315200
1753315200
1753315200
1753315200
1753315200
1753401600
1753401600
1753401600
1753401600
1753401600
1753401600
1753401600
1753401600
1753401600
1753401600
1753401600
1753401600
1753488000
1753488000
1753488000
1753488000
1753488000
1753488000
1753488000
1753488000
1753488000
1753488000
1753488000
1753488000
1753574400
1753574400
1753574400
1753574400
1753574400
1753574400
1753574400
1753574400
1753574400
1753574400
1753574400
1753574400
1753660800
1753660800
1753660800
1753660800
1753660800
1753660800
1753660800
1753660800
1753660800
1753660800
1753660800
1753660800
1753747200
1753747200
1753747200
1753747200
1753747200
1753747200
1753747200
1753747200
1753747200
1753747200
1753747200
1753747200
1753833600
1753833600
1753833600
1753833600
1753833600
1753833600
1753833600
1753833600
1753833600
1753833600
1753833600
1753833600
1753920000
1753920000
1753920000
1753920000
1753920000
1753920000
1753920000
1753920000
1753920000
1753920000
1753920000
1753920000
1753920000
1753920000
1753920000
1753920000
1754006400
1754006400
1754006400
1754006400
1754006400
1754006400
1754006400
1754006400
1754006400
1754006400
1754006400
1754006400
1754006400
1754006400
1754006400
1754006400
1754006400
1754006400
1754006400
1754006400
1754006400
1754006400
1754006400
1754006400
1754006400
1754006400
1754006400
1754006400
1754092800
1754092800
1754092800
1754092800
1754092800
1754092800
1754092800
1754092800
1754092800
1754092800
1754092800
1754092800
1754092800
1754092800
1754092800
1754092800
1754092800
1754092800
1754092800
1754092800
1754092800
1754092800
1754092800
1754092800
1754092800
1754092800
1754092800
1754092800
1754179200
1754179200
1754179200
1754179200
1754179200
1754179200
1754179200
1754179200
1754179200
1754179200
1754179200
1754179200
1754179200
1754179200
1754179200
1754179200
1754179200
1754179200
1754179200
1754179200
1754179200
1754179200
1754179200
1754179200
1754179200
1754179200
1754265600
1754265600
1754265600
1754265600
1754265600
1754265600
1754265600
1754265600
1754265600
1754265600
1754265600
1754265600
1754265600
1754265600
1754265600
1754265600
1754265600
1754265600
1754265600
1754265600
1754265600
1754265600
1754265600
1754265600
1754265600
1754265600
1754265600
1754265600
1754352000
1754352000
1754352000
1754352000
1754352000
1754352000
1754352000
1754352000
1754352000
1754352000
1754352000
1754352000
1754352000
1754352000
1754352000
1754352000
1754352000
1754352000
1754352000
1754352000
1754352000
1754352000
1754352000
1754352000
1754352000
1754352000
1754438400
1754438400
1754438400
1754438400
1754438400
1754438400
1754438400
1754438400
1754438400
1754438400
1754438400
1754438400
1754438400
1754438400
1754438400
1754438400
1754438400
1754438400
1754438400
1754438400
1754438400
1754438400
1754438400
1754438400
1754438400
1754438400
1754438400
1754438400
1754524800
1754524800
1754524800
1754524800
1754524800
1754524800
1754524800
1754524800
1754524800
1754524800
1754524800
1754524800
1754524800
1754524800
1754524800
1754524800
1754524800
1754524800
1754524800
1754524800
1754524800
1754524800
1754524800
1754524800
1754524800
1754524800
1754524800
1754524800
1754611200
1754611200
1754611200
1754611200
1754611200
1754611200
1754611200
1754611200
1754611200
1754611200
1754611200
1754611200
1754611200
1754611200
1754611200
1754611200
1754611200
1754611200
1754611200
1754611200
1754611200
1754611200
1754611200
1754611200
1754611200
1754611200
1754697600
1754697600
1754697600
1754697600
1754697600
1754697600
1754697600
1754697600
1754697600
1754697600
1754697600
1754697600
1754697600
1754697600
1754697600
1754697600
1754697600
1754697600
1754697600
1754697600
1754697600
1754697600
1754697600
1754697600
1754784000
1754784000
1754784000
1754784000
1754784000
1754784000
1754784000
1754784000
1754784000
1754784000
1754784000
1754784000
1754784000
1754784000
1754784000
1754784000
1754870400
1754870400
1754870400
1754870400
1754870400
1754870400
1754870400
1754870400
1754870400
1754870400
1754870400
1754870400
1754870400
1754870400
1754870400
1754870400
1754870400
1754870400
1754870400
1754870400
1754870400
1754870400
1754870400
1754870400
1754870400
1754870400
1754956800
1754956800
1754956800
1754956800
1754956800
1754956800
1754956800
1754956800
1754956800
1754956800
1754956800
1754956800
1754956800
1754956800
1754956800
1754956800
1754956800
1754956800
1754956800
1754956800
1754956800
1754956800
1754956800
1754956800
1754956800
1754956800
1754956800
1754956800
1755043200
1755043200
1755043200
1755043200
1755043200
1755043200
1755043200
1755043200
1755043200
1755043200
1755043200
1755043200
1755043200
1755043200
1755043200
1755043200
1755043200
1755043200
1755043200
1755043200
1755043200
1755043200
1755043200
1755043200
1755043200
1755043200
1755129600
1755129600
1755129600
1755129600
1755129600
1755129600
1755129600
1755129600
1755129600
1755129600
1755129600
1755129600
1755129600
1755129600
1755129600
1755129600
1755129600
1755129600
1755129600
1755129600
1755129600
1755129600
1755129600
1755129600
1755129600
1755129600
1755129600
1755129600
1755216000
1755216000
1755216000
1755216000
1755216000
1755216000
1755216000
1755216000
1755216000
1755216000
1755216000
1755216000
1755216000
1755216000
1755216000
1755216000
1755216000
1755216000
1755302400
1755302400
1755302400
1755302400
1755302400
1755302400
1755302400
1755302400
1755302400
1755302400
1755302400
1755302400
1755302400
1755302400
1755302400
1755302400
1755302400
1755302400
1755302400
1755302400
1755302400
1755302400
1755302400
1755302400
1755302400
1755302400
1755388800
1755388800
1755388800
1755388800
1755388800
1755388800
1755388800
1755388800
1755388800
1755388800
1755388800
1755388800
1755388800
1755388800
1755388800
1755388800
1755388800
1755388800
1755388800
1755388800
1755388800
1755388800
1755388800
1755388800
1755475200
1755475200
1755475200
1755475200
1755475200
1755475200
1755475200
1755475200
1755475200
1755475200
1755475200
1755475200
1755475200
1755475200
1755475200
1755475200
1755475200
1755475200
1755475200
1755475200
1755475200
1755475200
1755475200
1755475200
1755475200
1755475200
1755475200
1755475200
1755561600
1755561600
1755561600
1755561600
1755561600
1755561600
1755561600
1755561600
1755561600
1755561600
1755561600
1755561600
1755561600
1755561600
1755561600
1755561600
1755648000
1755648000
1755648000
1755648000
1755648000
1755648000
1755648000
1755648000
1755648000
1755648000
1755648000
1755648000
1755648000
1755648000
1755648000
1755648000
1755648000
1755648000
1755648000
1755648000
1755648000
1755648000
1755648000
1755648000
1755648000
1755648000
1755648000
1755648000
1755734400
1755734400
1755734400
1755734400
1755734400
1755734400
1755734400
1755734400
1755734400
1755734400
1755734400
1755734400
1755734400
1755734400
1755734400
1755734400
1755734400
1755734400
1755734400
1755734400
1755734400
1755734400
1755820800
1755820800
1755820800
1755820800
1755820800
1755820800
1755820800
1755820800
1755820800
1755820800
1755820800
1755820800
1755820800
1755820800
1755820800
1755820800
1755820800
1755820800
1755820800
1755820800
1755820800
1755820800
1755820800
1755820800
1755820800
1755820800
1755820800
1755820800
1755907200
1755907200
1755907200
1755907200
1755907200
1755907200
1755907200
1755907200
1755907200
1755907200
1755907200
1755907200
1755907200
1755907200
1755907200
1755907200
1755907200
1755907200
1755907200
1755907200
1755907200
1755907200
1755907200
1755907200
1755907200
1755907200
1755907200
1755907200
1755993600
1755993600
1755993600
1755993600
1755993600
1755993600
1755993600
1755993600
1755993600
1755993600
1755993600
1755993600
1755993600
1755993600
1755993600
1755993600
1755993600
1755993600
1755993600
1755993600
1755993600
1755993600
1755993600
1755993600
1755993600
1755993600
1755993600
1755993600
1756080000
1756080000
1756080000
1756080000
1756080000
1756080000
1756080000
1756080000
1756080000
1756080000
1756080000
1756080000
1756080000
1756080000
1756080000
1756080000
1756080000
1756080000
1756080000
1756080000
1756080000
1756080000
1756080000
1756080000
1756080000
1756080000
1756080000
1756080000
1756166400
1756166400
1756166400
1756166400
1756166400
1756166400
1756166400
1756166400
1756166400
1756166400
1756166400
1756166400
1756166400
1756166400
1756166400
1756166400
1756166400
1756166400
1756166400
1756166400
1756166400
1756166400
1756166400
1756166400
1756166400
1756166400
1756166400
1756166400
1756252800
1756252800
1756252800
1756252800
1756252800
1756252800
1756252800
1756252800
1756252800
1756252800
1756252800
1756252800
1756252800
1756252800
1756252800
1756252800
1756252800
1756252800
1756252800
1756252800
1756252800
1756252800
1756252800
1756252800
1756252800
1756252800
1756252800
1756252800
1756339200
1756339200
1756339200
1756339200
1756339200
1756339200
1756339200
1756339200
1756339200
1756339200
1756339200
1756339200
1756339200
1756339200
1756339200
1756339200
1756339200
1756339200
1756339200
1756339200
1756339200
1756339200
1756425600
1756425600
1756425600
1756425600
1756425600
1756425600
1756425600
1756425600
1756425600
1756425600
1756425600
1756425600
1756425600
1756425600
1756425600
1756425600
1756425600
1756425600
1756425600
1756425600
1756425600
1756425600
1756425600
1756425600
1756512000
1756512000
1756512000
1756512000
1756512000
1756512000
1756512000
1756512000
1756512000
1756512000
1756512000
1756512000
1756512000
1756512000
1756512000
1756512000
1756512000
1756512000
1756512000
1756512000
1756512000
1756512000
1756512000
1756512000
1756512000
1756512000
1756512000
1756512000
1756598400
1756598400
1756598400
1756598400
1756598400
1756598400
1756598400
1756598400
1756598400
1756598400
1756598400
1756598400
1756598400
1756598400
1756598400
1756598400
1756598400
1756598400
1756598400
1756598400
1756598400
1756598400
1756598400
1756598400
1756598400
1756598400
1756598400
1756598400
1756684800
1756684800
1756684800
1756684800
1756684800
1756684800
1756684800
1756684800
1756684800
1756684800
1756684800
1756684800
1756684800
1756684800
1756684800
1756684800
1756684800
1756684800
1756684800
1756684800
1756684800
1756684800
1756684800
1756684800
1756684800
1756684800
1756684800
1756684800
1756771200
1756771200
1756771200
1756771200
1756771200
1756771200
1756771200
1756771200
1756771200
1756771200
1756771200
1756771200
1756771200
1756771200
1756771200
1756771200
1756771200
1756771200
1756771200
1756771200
1756771200
1756771200
1756771200
1756771200
1756771200
1756771200
1756771200
1756771200
1756857600
1756857600
1756857600
1756857600
1756857600
1756857600
1756857600
1756857600
1756857600
1756857600
1756857600
1756857600
1756857600
1756857600
1756857600
1756857600
1756857600
1756857600
1756857600
1756857600
1756857600
1756857600
1756857600
1756857600
1756857600
1756857600
1756944000
1756944000
1756944000
1756944000
1756944000
1756944000
1756944000
1756944000
1756944000
1756944000
1756944000
1756944000
1756944000
1756944000
1756944000
1756944000
1756944000
1756944000
1756944000
1756944000
1756944000
1756944000
1756944000
1756944000
1756944000
1756944000
1756944000
1756944000
1757030400
1757030400
1757030400
1757030400
1757030400
1757030400
1757030400
1757030400
1757030400
1757030400
1757030400
1757030400
1757030400
1757030400
1757030400
1757030400
1757030400
1757030400
1757030400
1757030400
1757030400
1757030400
1757030400
1757030400
1757030400
1757030400
1757030400
1757030400
1757116800
1757116800
1757116800
1757116800
1757116800
1757116800
1757116800
1757116800
1757116800
1757116800
1757116800
1757116800
1757116800
1757116800
1757116800
1757116800
1757116800
1757116800
1757116800
1757116800
1757116800
1757116800
1757116800
1757116800
1757116800
1757116800
1757116800
1757116800
1757203200
1757203200
1757203200
1757203200
1757203200
1757203200
1757203200
1757203200
1757203200
1757203200
1757203200
1757203200
1757203200
1757203200
1757203200
1757203200
1757203200
1757203200
1757203200
1757203200
1757203200
1757203200
1757289600
1757289600
1757289600
1757289600
1757289600
1757289600
1757289600
1757289600
1757289600
1757289600
1757289600
1757289600
1757289600
1757289600
1757289600
1757289600
1757289600
1757289600
1757289600
1757289600
1757289600
1757289600
1757289600
1757289600
1757376000
1757376000
1757376000
1757376000
1757376000
1757376000
1757376000
1757376000
1757376000
1757376000
1757376000
1757376000
1757376000
1757376000
1757376000
1757376000
1757376000
1757376000
1757376000
1757376000
1757376000
1757376000
1757376000
1757376000
1757376000
1757376000
1757462400
1757462400
1757462400
1757462400
1757462400
1757462400
1757462400
1757462400
1757462400
1757462400
1757462400
1757462400
1757462400
1757462400
1757462400
1757462400
1757462400
1757462400
1757462400
1757462400
1757462400
1757462400
1757462400
1757462400
1757548800
1757548800
1757548800
1757548800
1757548800
1757548800
1757548800
1757548800
1757548800
1757548800
1757548800
1757548800
1757548800
1757548800
1757548800
1757548800
1757548800
1757548800
1757548800
1757548800
1757548800
1757548800
1757548800
1757548800
1757548800
1757548800
1757548800
1757548800
1757635200
1757635200
1757635200
1757635200
1757635200
1757635200
1757635200
1757635200
1757635200
1757635200
1757635200
1757635200
1757635200
1757635200
1757635200
1757635200
1757635200
1757635200
1757635200
1757635200
1757635200
1757635200
1757635200
1757635200
1757635200
1757635200
1757635200
1757635200
1757721600
1757721600
1757721600
1757721600
1757721600
1757721600
1757721600
1757721600
1757721600
1757721600
1757721600
1757721600
1757721600
1757721600
1757721600
1757721600
1757721600
1757721600
1757721600
1757721600
1757808000
1757808000
1757808000
1757808000
1757808000
1757808000
1757808000
1757808000
1757808000
1757808000
1757808000
1757808000
1757808000
1757808000
1757808000
1757808000
1757808000
1757808000
1757808000
1757808000
1757808000
1757808000
1757808000
1757808000
1757808000
1757808000
1757808000
1757808000
1757894400
1757894400
1757894400
1757894400
1757894400
1757894400
1757894400
1757894400
1757894400
1757894400
1757894400
1757894400
1757894400
1757894400
1757894400
1757894400
1757894400
1757894400
1757894400
1757894400
1757894400
1757894400
1757894400
1757894400
1757894400
1757894400
1757894400
1757894400
1757980800
1757980800
1757980800
1757980800
1757980800
1757980800
1757980800
1757980800
1757980800
1757980800
1757980800
1757980800
1757980800
1757980800
1757980800
1757980800
1757980800
1757980800
1757980800
1757980800
1757980800
1757980800
1757980800
1757980800
1757980800
1757980800
1757980800
1757980800
1758067200
1758067200
1758067200
1758067200
1758067200
1758067200
1758067200
1758067200
1758067200
1758067200
1758067200
1758067200
1758067200
1758067200
1758067200
1758067200
1758067200
1758067200
1758067200
1758067200
1758067200
1758067200
1758067200
1758067200
1758067200
1758067200
1758067200
1758067200
1758067200
1758067200
1758067200
1758067200
1758153600
1758153600
1758153600
1758153600
1758153600
1758153600
1758153600
1758153600
1758153600
1758153600
1758153600
1758153600
1758153600
1758153600
1758153600
1758153600
1758153600
1758153600
1758153600
1758153600
1758153600
1758153600
1758153600
1758153600
1758153600
1758153600
1758153600
1758153600
1758153600
1758153600
1758153600
1758153600
1758153600
1758153600
1758153600
1758153600
1758153600
1758153600
1758153600
1758153600
1758153600
1758153600
1758153600
1758153600
1758240000
1758240000
1758240000
1758240000
1758240000
1758240000
1758240000
1758240000
1758240000
1758240000
1758240000
1758240000
1758240000
1758240000
1758240000
1758240000
1758240000
1758240000
1758240000
1758240000
1758240000
1758240000
1758240000
1758240000
1758240000
1758240000
1758240000
1758240000
1758240000
1758240000
1758240000
1758240000
1758240000
1758240000
1758240000
1758240000
1758240000
1758240000
1758240000
1758240000
1758240000
1758240000
1758240000
1758240000
1758326400
1758326400
1758326400
1758326400
1758326400
1758326400
1758326400
1758326400
1758326400
1758326400
1758326400
1758326400
1758326400
1758326400
1758326400
1758326400
1758326400
1758326400
1758326400
1758326400
1758326400
1758326400
1758326400
1758326400
1758326400
1758326400
1758326400
1758326400
1758326400
1758326400
1758326400
1758326400
1758326400
1758326400
1758326400
1758326400
1758326400
1758326400
1758326400
1758326400
1758326400
1758326400
1758326400
1758326400
1758412800
1758412800
1758412800
1758412800
1758412800
1758412800
1758412800
1758412800
1758412800
1758412800
1758412800
1758412800
1758412800
1758412800
1758412800
1758412800
1758412800
1758412800
1758412800
1758412800
1758412800
1758412800
1758412800
1758412800
1758412800
1758412800
1758412800
1758412800
1758412800
1758412800
1758412800
1758412800
1758412800
1758412800
1758412800
1758412800
1758412800
1758412800
1758412800
1758412800
1758499200
1758499200
1758499200
1758499200
1758499200
1758499200
1758499200
1758499200
1758499200
1758499200
1758499200
1758499200
1758499200
1758499200
1758499200
1758499200
1758499200
1758499200
1758499200
1758499200
1758499200
1758499200
1758499200
1758499200
1758499200
1758499200
1758499200
1758499200
1758499200
1758499200
1758499200
1758499200
1758499200
1758499200
1758499200
1758499200
1758499200
1758499200
1758585600
1758585600
1758585600
1758585600
1758585600
1758585600
1758585600
1758585600
1758585600
1758585600
1758585600
1758585600
1758585600
1758585600
1758585600
1758585600
1758585600
1758585600
1758585600
1758585600
1758585600
1758585600
1758585600
1758585600
1758585600
1758585600
1758585600
1758585600
1758585600
1758585600
1758672000
1758672000
1758672000
1758672000
1758672000
1758672000
1758672000
1758672000
1758672000
1758672000
1758672000
1758672000
1758672000
1758672000
1758672000
1758672000
1758672000
1758672000
1758672000
1758672000
1758672000
1758672000
1758672000
1758672000
1758672000
1758672000
1758672000
1758672000
1758672000
1758672000
1758672000
1758672000
1758672000
1758672000
1758672000
1758672000
1758672000
1758672000
1758672000
1758672000
1758672000
1758672000
1758672000
1758672000
1758758400
1758758400
1758758400
1758758400
1758758400
1758758400
1758758400
1758758400
1758758400
1758758400
1758758400
1758758400
1758758400
1758758400
1758758400
1758758400
1758758400
1758758400
1758758400
1758758400
1758758400
1758758400
1758758400
1758758400
1758758400
1758758400
1758758400
1758758400
1758758400
1758758400
1758758400
1758758400
1758758400
1758758400
1758758400
1758758400
1758758400
1758758400
1758758400
1758758400
1758758400
1758758400
1758758400
1758758400
1758844800
1758844800
1758844800
1758844800
1758844800
1758844800
1758844800
1758844800
1758844800
1758844800
1758844800
1758844800
1758844800
1758844800
1758844800
1758844800
1758844800
1758844800
1758844800
1758844800
1758844800
1758844800
1758844800
1758844800
1758844800
1758844800
1758844800
1758844800
1758844800
1758844800
1758844800
1758844800
1758844800
1758844800
1758844800
1758844800
1758844800
1758844800
1758844800
1758844800
1758844800
1758844800
1758844800
1758844800
1758931200
1758931200
1758931200
1758931200
1758931200
1758931200
1758931200
1758931200
1758931200
1758931200
1758931200
1758931200
1758931200
1758931200
1758931200
1758931200
1758931200
1758931200
1758931200
1758931200
1758931200
1758931200
1758931200
1758931200
1758931200
1758931200
1758931200
1758931200
1758931200
1758931200
1758931200
1758931200
1758931200
1758931200
1758931200
1758931200
1758931200
1758931200
1758931200
1758931200
1758931200
1758931200
1758931200
1758931200
1759017600
1759017600
1759017600
1759017600
1759017600
1759017600
1759017600
1759017600
1759017600
1759017600
1759017600
1759017600
1759017600
1759017600
1759017600
1759017600
1759017600
1759017600
1759017600
1759017600
1759017600
1759017600
1759017600
1759017600
1759017600
1759017600
1759017600
1759017600
1759017600
1759017600
1759017600
1759017600
1759017600
1759017600
1759017600
1759017600
1759017600
1759017600
1759104000
1759104000
1759104000
1759104000
1759104000
1759104000
1759104000
1759104000
1759104000
1759104000
1759104000
1759104000
1759104000
1759104000
1759104000
1759104000
1759104000
1759104000
1759104000
1759104000
1759104000
1759104000
1759104000
1759104000
1759104000
1759104000
1759104000
1759104000
1759104000
1759104000
1759104000
1759104000
1759104000
1759104000
1759104000
1759104000
1759104000
1759104000
1759104000
1759104000
1759104000
1759104000
1759190400
1759190400
1759190400
1759190400
1759190400
1759190400
1759190400
1759190400
1759190400
1759190400
1759190400
1759190400
1759190400
1759190400
1759190400
1759190400
1759190400
1759190400
1759190400
1759190400
1759190400
1759190400
1759190400
1759190400
1759190400
1759190400
1759190400
1759190400
1759190400
1759190400
1759190400
1759190400
1759190400
1759190400
1759190400
1759190400
1759190400
1759190400
1759190400
1759190400
1759190400
1759190400
1759190400
1759190400
1759276800
1759276800
1759276800
1759276800
1759276800
1759276800
1759276800
1759276800
1759276800
1759276800
1759276800
1759276800
1759276800
1759276800
1759276800
1759276800
1759276800
1759276800
1759276800
1759276800
1759276800
1759276800
1759276800
1759276800
1759276800
1759276800
1759276800
1759276800
1759276800
1759276800
1759276800
1759276800
1759276800
1759276800
1759276800
1759276800
1759276800
1759276800
1759276800
1759276800
1759276800
1759276800
1759276800
1759276800
1759363200
1759363200
1759363200
1759363200
1759363200
1759363200
1759363200
1759363200
1759363200
1759363200
1759363200
1759363200
1759363200
1759363200
1759363200
1759363200
1759363200
1759363200
1759363200
1759363200
1759363200
1759363200
1759363200
1759363200
1759363200
1759363200
1759363200
1759363200
1759363200
1759363200
1759363200
1759363200
1759363200
1759363200
1759363200
1759363200
1759363200
1759363200
1759363200
1759363200
1759363200
1759363200
1759449600
1759449600
1759449600
1759449600
1759449600
1759449600
1759449600
1759449600
1759449600
1759449600
1759449600
1759449600
1759449600
1759449600
1759449600
1759449600
1759449600
1759449600
1759449600
1759449600
1759449600
1759449600
1759449600
1759449600
1759449600
1759449600
1759449600
1759449600
1759449600
1759449600
1759449600
1759449600
1759449600
1759449600
1759449600
1759449600
1759449600
1759449600
1759449600
1759449600
1759449600
1759449600
1759449600
1759449600
1759536000
1759536000
1759536000
1759536000
1759536000
1759536000
1759536000
1759536000
1759536000
1759536000
1759536000
1759536000
1759536000
1759536000
1759536000
1759536000
1759536000
1759536000
1759536000
1759536000
1759536000
1759536000
1759536000
1759536000
1759536000
1759536000
1759536000
1759536000
1759536000
1759536000
1759536000
1759536000
1759536000
1759536000
1759536000
1759536000
1759536000
1759536000
1759536000
1759536000
1759536000
1759536000
1759622400
1759622400
1759622400
1759622400
1759622400
1759622400
1759622400
1759622400
1759622400
1759622400
1759622400
1759622400
1759622400
1759622400
1759622400
1759622400
1759622400
1759622400
1759622400
1759622400
1759622400
1759622400
1759622400
1759622400
1759622400
1759622400
1759622400
1759622400
1759622400
1759622400
1759622400
1759622400
1759622400
1759622400
1759622400
1759622400
1759708800
1759708800
1759708800
1759708800
1759708800
1759708800
1759708800
1759708800
1759708800
1759708800
1759708800
1759708800
1759708800
1759708800
1759708800
1759708800
1759708800
1759708800
1759708800
1759708800
1759708800
1759708800
1759708800
1759708800
1759708800
1759708800
1759708800
1759708800
1759708800
1759708800
1759708800
1759708800
1759708800
1759708800
1759708800
1759708800
1759708800
1759708800
1759708800
1759708800
1759795200
1759795200
1759795200
1759795200
1759795200
1759795200
1759795200
1759795200
1759795200
1759795200
1759795200
1759795200
1759795200
1759795200
1759795200
1759795200
1759795200
1759795200
1759795200
1759795200
1759795200
1759795200
1759795200
1759795200
1759795200
1759795200
1759795200
1759795200
1759795200
1759795200
1759795200
1759795200
1759795200
1759795200
1759795200
1759795200
1759795200
1759795200
1759795200
1759795200
1759795200
1759795200
1759795200
1759795200
1759881600
1759881600
1759881600
1759881600
1759881600
1759881600
1759881600
1759881600
1759881600
1759881600
1759881600
1759881600
1759881600
1759881600
1759881600
1759881600
1759881600
1759881600
1759881600
1759881600
1759881600
1759881600
1759881600
1759881600
1759881600
1759881600
1759881600
1759881600
1759881600
1759881600
1759881600
1759881600
1759881600
1759881600
1759881600
1759881600
1759881600
1759881600
1759881600
1759881600
1759881600
1759881600
1759881600
1759881600
1759968000
1759968000
1759968000
1759968000
1759968000
1759968000
1759968000
1759968000
1759968000
1759968000
1759968000
1759968000
1759968000
1759968000
1759968000
1759968000
1759968000
1759968000
1759968000
1759968000
1759968000
1759968000
1759968000
1759968000
1759968000
1759968000
1759968000
1759968000
1759968000
1759968000
1759968000
1759968000
1759968000
1759968000
1759968000
1759968000
1759968000
1759968000
1759968000
1759968000
1759968000
1759968000
1759968000
1759968000
1760054400
1760054400
1760054400
1760054400
1760054400
1760054400
1760054400
1760054400
1760054400
1760054400
1760054400
1760054400
1760054400
1760054400
1760054400
1760054400
1760054400
1760054400
1760054400
1760054400
1760054400
1760054400
1760054400
1760054400
1760054400
1760054400
1760054400
1760054400
1760054400
1760054400
1760054400
1760054400
1760054400
1760054400
1760054400
1760054400
1760054400
1760054400
1760054400
1760054400
1760054400
1760054400
1760140800
1760140800
1760140800
1760140800
1760140800
1760140800
1760140800
1760140800
1760140800
1760140800
1760140800
1760140800
1760140800
1760140800
1760140800
1760140800
1760140800
1760140800
1760140800
1760140800
1760140800
1760140800
1760140800
1760140800
1760140800
1760140800
1760140800
1760140800
1760140800
1760140800
1760140800
1760140800
1760140800
1760140800
1760140800
1760140800
1760140800
1760140800
1760140800
1760140800
1760140800
1760140800
1760227200
1760227200
1760227200
1760227200
1760227200
1760227200
1760227200
1760227200
1760227200
1760227200
1760227200
1760227200
1760227200
1760227200
1760227200
1760227200
1760227200
1760227200
1760227200
1760227200
1760227200
1760227200
1760227200
1760227200
1760227200
1760227200
1760227200
1760227200
1760227200
1760227200
1760227200
1760227200
1760227200
1760227200
1760227200
1760227200
1760227200
1760227200
1760227200
1760227200
1760313600
1760313600
1760313600
1760313600
1760313600
1760313600
1760313600
1760313600
1760313600
1760313600
1760313600
1760313600
1760313600
1760313600
1760313600
1760313600
1760313600
1760313600
1760313600
1760313600
1760313600
1760313600
1760313600
1760313600
1760313600
1760313600
1760313600
1760313600
1760313600
1760313600
1760313600
1760313600
1760313600
1760313600
1760313600
1760313600
1760313600
1760313600
1760313600
1760313600
1760313600
1760313600
1760313600
1760313600
1760400000
1760400000
1760400000
1760400000
1760400000
1760400000
1760400000
1760400000
1760400000
1760400000
1760400000
1760400000
1760400000
1760400000
1760400000
1760400000
1760400000
1760400000
1760400000
1760400000
1760400000
1760400000
1760400000
1760400000
1760400000
1760400000
1760400000
1760400000
1760400000
1760400000
1760400000
1760400000
1760400000
1760400000
1760400000
1760400000
1760400000
1760400000
1760400000
1760400000
1760400000
1760400000
1760400000
1760400000
1760486400
1760486400
1760486400
1760486400
1760486400
1760486400
1760486400
1760486400
1760486400
1760486400
1760486400
1760486400
1760486400
1760486400
1760486400
1760486400
1760486400
1760486400
1760486400
1760486400
1760486400
1760486400
1760486400
1760486400
1760486400
1760486400
1760486400
1760486400
1760486400
1760486400
1760486400
1760486400
1760486400
1760486400
1760486400
1760486400
1760486400
1760486400
1760486400
1760486400
1760486400
1760486400
1760486400
1760486400
1760572800
1760572800
1760572800
1760572800
1760572800
1760572800
1760572800
1760572800
1760572800
1760572800
1760572800
1760572800
1760572800
1760572800
1760572800
1760572800
1760572800
1760572800
1760572800
1760572800
1760572800
1760572800
1760572800
1760572800
1760572800
1760572800
1760572800
1760572800
1760572800
1760572800
1760572800
1760572800
1760572800
1760572800
1760572800
1760572800
1760572800
1760572800
1760572800
1760572800
1760572800
1760572800
1760572800
1760572800
1760659200
1760659200
1760659200
1760659200
1760659200
1760659200
1760659200
1760659200
1760659200
1760659200
1760659200
1760659200
1760659200
1760659200
1760659200
1760659200
1760659200
1760659200
1760659200
1760659200
1760659200
1760659200
1760659200
1760659200
1760659200
1760659200
1760659200
1760659200
1760659200
1760659200
1760659200
1760659200
1760659200
1760659200
1760659200
1760659200
1760659200
1760659200
1760659200
1760659200
1760659200
1760659200
1760659200
1760659200
1760745600
1760745600
1760745600
1760745600
1760745600
1760745600
1760745600
1760745600
1760745600
1760745600
1760745600
1760745600
1760745600
1760745600
1760745600
1760745600
1760745600
1760745600
1760745600
1760745600
1760745600
1760745600
1760745600
1760745600
1760745600
1760745600
1760745600
1760745600
1760745600
1760745600
1760745600
1760745600
1760745600
1760745600
1760745600
1760745600
1760745600
1760745600
1760745600
1760745600
1760745600
1760745600
1760745600
1760745600
1760832000
1760832000
1760832000
1760832000
1760832000
1760832000
1760832000
1760832000
1760832000
1760832000
1760832000
1760832000
1760832000
1760832000
1760832000
1760832000
1760832000
1760832000
1760832000
1760832000
1760832000
1760832000
1760832000
1760832000
1760832000
1760832000
1760832000
1760832000
1760832000
1760832000
1760832000
1760832000
1760832000
1760832000
1760832000
1760832000
1760832000
1760832000
1760832000
1760832000
1760918400
1760918400
1760918400
1760918400
1760918400
1760918400
1760918400
1760918400
1760918400
1760918400
1760918400
1760918400
1760918400
1760918400
1760918400
1760918400
1760918400
1760918400
1760918400
1760918400
1760918400
1760918400
1760918400
1760918400
1760918400
1760918400
1760918400
1760918400
1760918400
1760918400
1760918400
1760918400
1760918400
1760918400
1760918400
1760918400
1760918400
1760918400
1760918400
1760918400
1760918400
1760918400
1761004800
1761004800
1761004800
1761004800
1761004800
1761004800
1761004800
1761004800
1761004800
1761004800
1761004800
1761004800
1761004800
1761004800
1761004800
1761004800
1761004800
1761004800
1761004800
1761004800
1761004800
1761004800
1761004800
1761004800
1761004800
1761004800
1761004800
1761004800
1761004800
1761004800
1761004800
1761004800
1761004800
1761004800
1761004800
1761004800
1761004800
1761004800
1761004800
1761004800
1761004800
1761004800
1761004800
1761004800
1761091200
1761091200
1761091200
1761091200
1761091200
1761091200
1761091200
1761091200
1761091200
1761091200
1761091200
1761091200
1761091200
1761091200
1761091200
1761091200
1761091200
1761091200
1761091200
1761091200
1761091200
1761091200
1761091200
1761091200
1761091200
1761091200
1761091200
1761091200
1761091200
1761091200
1761091200
1761091200
1761091200
1761091200
1761091200
1761091200
1761091200
1761091200
1761091200
1761091200
1761091200
1761091200
1761091200
1761091200
1761177600
1761177600
1761177600
1761177600
1761177600
1761177600
1761177600
1761177600
1761177600
1761177600
1761177600
1761177600
1761177600
1761177600
1761177600
1761177600
1761177600
1761177600
1761177600
1761177600
1761177600
1761177600
1761177600
1761177600
1761177600
1761177600
1761177600
1761177600
1761177600
1761177600
1761177600
1761177600
1761177600
1761177600
1761177600
1761177600
1761177600
1761177600
1761177600
1761177600
1761177600
1761177600
1761177600
1761177600
1761264000
1761264000
1761264000
1761264000
1761264000
1761264000
1761264000
1761264000
1761264000
1761264000
1761264000
1761264000
1761264000
1761264000
1761264000
1761264000
1761264000
1761264000
1761264000
1761264000
1761264000
1761264000
1761264000
1761264000
1761264000
1761264000
1761264000
1761264000
1761264000
1761264000
1761264000
1761264000
1761264000
1761264000
1761264000
1761264000
1761264000
1761264000
1761264000
1761264000
1761264000
1761264000
1761264000
1761264000
1761350400
1761350400
1761350400
1761350400
1761350400
1761350400
1761350400
1761350400
1761350400
1761350400
1761350400
1761350400
1761350400
1761350400
1761350400
1761350400
1761350400
1761350400
1761350400
1761350400
1761350400
1761350400
1761350400
1761350400
1761350400
1761350400
1761350400
1761350400
1761350400
1761350400
1761350400
1761350400
1761350400
1761350400
1761350400
1761350400
1761350400
1761350400
1761350400
1761350400
1761350400
1761350400
1761350400
1761350400
1761436800
1761436800
1761436800
1761436800
1761436800
1761436800
1761436800
1761436800
1761436800
1761436800
1761436800
1761436800
1761436800
1761436800
1761436800
1761436800
1761436800
1761436800
1761436800
1761436800
1761436800
1761436800
1761436800
1761436800
1761436800
1761436800
1761436800
1761436800
1761436800
1761436800
1761436800
1761436800
1761436800
1761436800
1761436800
1761436800
1761436800
1761436800
1761436800
1761436800
1761436800
1761436800
1761436800
1761436800
1761523200
1761523200
1761523200
1761523200
1761523200
1761523200
1761523200
1761523200
1761523200
1761523200
1761523200
1761523200
1761523200
1761523200
1761523200
1761523200
1761523200
1761523200
1761523200
1761523200
1761523200
1761523200
1761523200
1761523200
1761523200
1761523200
1761523200
1761523200
1761523200
1761523200
1761523200
1761523200
1761523200
1761523200
1761523200
1761523200
1761523200
1761523200
1761523200
1761523200
1761523200
1761523200
1761523200
1761523200
1761609600
1761609600
1761609600
1761609600
1761609600
1761609600
1761609600
1761609600
1761609600
1761609600
1761609600
1761609600
1761609600
1761609600
1761609600
1761609600
1761609600
1761609600
1761609600
1761609600
1761609600
1761609600
1761609600
1761609600
1761609600
1761609600
1761609600
1761609600
1761609600
1761609600
1761609600
1761609600
1761609600
1761609600
1761609600
1761609600
1761609600
1761609600
1761609600
1761609600
1761609600
1761609600
1761609600
1761609600
1761696000
1761696000
1761696000
1761696000
1761696000
1761696000
1761696000
1761696000
1761696000
1761696000
1761696000
1761696000
1761696000
1761696000
1761696000
1761696000
1761696000
1761696000
1761696000
1761696000
1761696000
1761696000
1761696000
1761696000
1761696000
1761696000
1761696000
1761696000
1761696000
1761696000
1761696000
1761696000
1761696000
1761696000
1761696000
1761696000
1761696000
1761696000
1761696000
1761696000
1761696000
1761696000
1761696000
1761696000
1761782400
1761782400
1761782400
1761782400
1761782400
1761782400
1761782400
1761782400
1761782400
1761782400
1761782400
1761782400
1761782400
1761782400
1761782400
1761782400
1761782400
1761782400
1761782400
1761782400
1761782400
1761782400
1761782400
1761782400
1761782400
1761782400
1761782400
1761782400
1761782400
1761782400
1761782400
1761782400
1761782400
1761782400
1761782400
1761782400
1761782400
1761782400
1761782400
1761782400
1761782400
1761782400
1761782400
1761782400
1761868800
1761868800
1761868800
1761868800
1761868800
1761868800
1761868800
1761868800
1761868800
1761868800
1761868800
1761868800
1761868800
1761868800
1761868800
1761868800
1761868800
1761868800
1761868800
1761868800
1761868800
1761868800
1761868800
1761868800
1761868800
1761868800
1761868800
1761868800
1761868800
1761868800
1761868800
1761868800
1761868800
1761868800
1761868800
1761868800
1761868800
1761868800
1761868800
1761868800
1761868800
1761868800
1761868800
1761868800
1761955200
1761955200
1761955200
1761955200
1761955200
1761955200
1761955200
1761955200
1761955200
1761955200
1761955200
1761955200
1761955200
1761955200
1761955200
1761955200
1761955200
1761955200
1761955200
1761955200
1761955200
1761955200
1761955200
1761955200
1761955200
1761955200
1761955200
1761955200
1761955200
1761955200
1761955200
1761955200
1761955200
1761955200
1761955200
1761955200
1761955200
1761955200
1761955200
1761955200
1761955200
1761955200
1761955200
1761955200
1762041600
1762041600
1762041600
1762041600
1762041600
1762041600
1762041600
1762041600
1762041600
1762041600
1762041600
1762041600
1762041600
1762041600
1762041600
1762041600
1762041600
1762041600
1762041600
1762041600
1762041600
1762041600
1762041600
1762041600
1762041600
1762041600
1762041600
1762041600
1762041600
1762041600
1762041600
1762041600
1762041600
1762041600
1762041600
1762041600
1762041600
1762041600
1762041600
1762041600
1762041600
1762041600
1762041600
1762041600
1762128000
1762128000
1762128000
1762128000
1762128000
1762128000
1762128000
1762128000
1762128000
1762128000
1762128000
1762128000
1762128000
1762128000
1762128000
1762128000
1762128000
1762128000
1762128000
1762128000
1762128000
1762128000
1762128000
1762128000
1762128000
1762128000
1762128000
1762128000
1762128000
1762128000
1762128000
1762128000
1762128000
1762128000
1762128000
1762128000
1762128000
1762128000
1762128000
1762128000
1762128000
1762128000
1762128000
1762128000
1762214400
1762214400
1762214400
1762214400
1762214400
1762214400
1762214400
1762214400
1762214400
1762214400
1762214400
1762214400
1762214400
1762214400
1762214400
1762214400
1762214400
1762214400
1762214400
1762214400
1762214400
1762214400
1762214400
1762214400
1762214400
1762214400
1762214400
1762214400
1762214400
1762214400
1762214400
1762214400
1762214400
1762214400
1762214400
1762214400
1762214400
1762214400
1762214400
1762214400
1762214400
1762214400
1762214400
1762214400
1762300800
1762300800
1762300800
1762300800
1762300800
1762300800
1762300800
1762300800
1762300800
1762300800
1762300800
1762300800
1762300800
1762300800
1762300800
1762300800
1762300800
1762300800
1762300800
1762300800
1762300800
1762300800
1762300800
1762300800
1762300800
1762300800
1762300800
1762300800
1762300800
1762300800
1762300800
1762300800
1762300800
1762300800
1762300800
1762300800
1762300800
1762300800
1762300800
1762300800
1762300800
1762300800
1762300800
1762300800
1762387200
1762387200
1762387200
1762387200
1762387200
1762387200
1762387200
1762387200
1762387200
1762387200
1762387200
1762387200
1762387200
1762387200
1762387200
1762387200
1762387200
1762387200
1762387200
1762387200
1762387200
1762387200
1762387200
1762387200
1762387200
1762387200
1762387200
1762387200
1762387200
1762387200
1762387200
1762387200
1762387200
1762387200
1762387200
1762387200
1762387200
1762387200
1762387200
1762387200
1762387200
1762387200
1762387200
1762387200
1762473600
1762473600
1762473600
1762473600
1762473600
1762473600
1762473600
1762473600
1762473600
1762473600
1762473600
1762473600
1762473600
1762473600
1762473600
1762473600
1762473600
1762473600
1762473600
1762473600
1762473600
1762473600
1762473600
1762473600
1762473600
1762473600
1762473600
1762473600
1762473600
1762473600
1762473600
1762473600
1762473600
1762473600
1762473600
1762473600
1762473600
1762473600
1762473600
1762473600
1762473600
1762473600
1762473600
1762473600
1762560000
1762560000
1762560000
1762560000
1762560000
1762560000
1762560000
1762560000
1762560000
1762560000
1762560000
1762560000
1762560000
1762560000
1762560000
1762560000
1762560000
1762560000
1762560000
1762560000
1762560000
1762560000
1762560000
1762560000
1762560000
1762560000
1762560000
1762560000
1762560000
1762560000
1762560000
1762560000
1762560000
1762560000
1762560000
1762560000
1762560000
1762560000
1762560000
1762560000
1762560000
1762560000
1762560000
1762560000
1762646400
1762646400
1762646400
1762646400
1762646400
1762646400
1762646400
1762646400
1762646400
1762646400
1762646400
1762646400
1762646400
1762646400
1762646400
1762646400
1762646400
1762646400
1762646400
1762646400
1762646400
1762646400
1762646400
1762646400
1762646400
1762646400
1762646400
1762646400
1762646400
1762646400
1762646400
1762646400
1762646400
1762646400
1762646400
1762646400
1762646400
1762646400
1762646400
1762646400
1762646400
1762646400
1762646400
1762646400
1762732800
1762732800
1762732800
1762732800
1762732800
1762732800
1762732800
1762732800
1762732800
1762732800
1762732800
1762732800
1762732800
1762732800
1762732800
1762732800
1762732800
1762732800
1762732800
1762732800
1762732800
1762732800
1762732800
1762732800
1762732800
1762732800
1762732800
1762732800
1762732800
1762732800
1762732800
1762732800
1762732800
1762732800
1762732800
1762732800
1762732800
1762732800
1762732800
1762732800
1762732800
1762732800
1762732800
1762732800
1762819200
1762819200
1762819200
1762819200
1762819200
1762819200
1762819200
1762819200
1762819200
1762819200
1762819200
1762819200
1762819200
1762819200
1762819200
1762819200
1762819200
1762819200
1762819200
1762819200
1762819200
1762819200
1762819200
1762819200
1762819200
1762819200
1762819200
1762819200
1762819200
1762819200
1762819200
1762819200
1762819200
1762819200
1762819200
1762819200
1762819200
1762819200
1762819200
1762819200
1762819200
1762819200
1762819200
1762819200
1762905600
1762905600
1762905600
1762905600
1762905600
1762905600
1762905600
1762905600
1762905600
1762905600
1762905600
1762905600
1762905600
1762905600
1762905600
1762905600
1762905600
1762905600
1762905600
1762905600
1762905600
1762905600
1762905600
1762905600
1762905600
1762905600
1762905600
1762905600
1762905600
1762905600
1762905600
1762905600
1762905600
1762905600
1762905600
1762905600
1762905600
1762905600
1762905600
1762905600
1762905600
1762905600
1762905600
1762905600
1762992000
1762992000
1762992000
1762992000
1762992000
1762992000
1762992000
1762992000
1762992000
1762992000
1762992000
1762992000
1762992000
1762992000
1762992000
1762992000
1762992000
1762992000
1762992000
1762992000
1762992000
1762992000
1762992000
1762992000
1762992000
1762992000
1762992000
1762992000
1762992000
1762992000
1762992000
1762992000
1762992000
1762992000
1762992000
1762992000
1762992000
1762992000
1762992000
1762992000
1762992000
1762992000
1762992000
1762992000
1763078400
1763078400
1763078400
1763078400
1763078400
1763078400
1763078400
1763078400
1763078400
1763078400
1763078400
1763078400
1763078400
1763078400
1763078400
1763078400
1763078400
1763078400
1763078400
1763078400
1763078400
1763078400
1763078400
1763078400
1763078400
1763078400
1763078400
1763078400
1763078400
1763078400
1763078400
1763078400
1763078400
1763078400
1763078400
1763078400
1763078400
1763078400
1763078400
1763078400
1763078400
1763078400
1763078400
1763078400
1763164800
1763164800
1763164800
1763164800
1763164800
1763164800
1763164800
1763164800
1763164800
1763164800
1763164800
1763164800
1763164800
1763164800
1763164800
1763164800
1763164800
1763164800
1763164800
1763164800
1763164800
1763164800
1763164800
1763164800
1763164800
1763164800
1763164800
1763164800
1763164800
1763164800
1763164800
1763164800
1763164800
1763164800
1763164800
1763164800
1763164800
1763164800
1763164800
1763164800
1763164800
1763164800
1763164800
1763164800
1763251200
1763251200
1763251200
1763251200
1763251200
1763251200
1763251200
1763251200
1763251200
1763251200
1763251200
1763251200
1763251200
1763251200
1763251200
1763251200
1763251200
1763251200
1763251200
1763251200
1763251200
1763251200
1763251200
1763251200
1763251200
1763251200
1763251200
1763251200
1763251200
1763251200
1763251200
1763251200
1763251200
1763251200
1763251200
1763251200
1763251200
1763251200
1763251200
1763251200
1763251200
1763251200
1763251200
1763251200
1763337600
1763337600
1763337600
1763337600
1763337600
1763337600
1763337600
1763337600
1763337600
1763337600
1763337600
1763337600
1763337600
1763337600
1763337600
1763337600
1763337600
1763337600
1763337600
1763337600
1763337600
1763337600
1763337600
1763337600
1763337600
1763337600
1763337600
1763337600
1763337600
1763337600
1763337600
1763337600
1763337600
1763337600
1763337600
1763337600
1763337600
1763337600
1763337600
1763337600
1763337600
1763337600
1763337600
1763337600
1763424000
1763424000
1763424000
1763424000
1763424000
1763424000
1763424000
1763424000
1763424000
1763424000
1763424000
1763424000
1763424000
1763424000
1763424000
1763424000
1763424000
1763424000
1763424000
1763424000
1763424000
1763424000
1763424000
1763424000
1763424000
1763424000
1763424000
1763424000
1763424000
1763424000
1763424000
1763424000
1763424000
1763424000
1763424000
1763424000
1763424000
1763424000
1763424000
1763424000
1763424000
1763424000
1763424000
1763424000
1763510400
1763510400
1763510400
1763510400
1763510400
1763510400
1763510400
1763510400
1763510400
1763510400
1763510400
1763510400
1763510400
1763510400
1763510400
1763510400
1763510400
1763510400
1763510400
1763510400
1763510400
1763510400
1763510400
1763510400
1763510400
1763510400
1763510400
1763510400
1763510400
1763510400
1763510400
1763510400
1763510400
1763510400
1763510400
1763510400
1763510400
1763510400
1763510400
1763510400
1763510400
1763510400
1763510400
1763510400
1763596800
1763596800
1763596800
1763596800
1763596800
1763596800
1763596800
1763596800
1763596800
1763596800
1763596800
1763596800
1763596800
1763596800
1763596800
1763596800
1763596800
1763596800
1763596800
1763596800
1763596800
1763596800
1763596800
1763596800
1763596800
1763596800
1763596800
1763596800
1763596800
1763596800
1763596800
1763596800
1763596800
1763596800
1763596800
1763596800
1763596800
1763596800
1763596800
1763596800
1763596800
1763596800
1763596800
1763596800
1763683200
1763683200
1763683200
1763683200
1763683200
1763683200
1763683200
1763683200
1763683200
1763683200
1763683200
1763683200
1763683200
1763683200
1763683200
1763683200
1763683200
1763683200
1763683200
1763683200
1763683200
1763683200
1763683200
1763683200
1763683200
1763683200
1763683200
1763683200
1763683200
1763683200
1763683200
1763683200
1763683200
1763683200
1763683200
1763683200
1763683200
1763683200
1763683200
1763683200
1763683200
1763683200
1763683200
1763683200
1763769600
1763769600
1763769600
1763769600
1763769600
1763769600
1763769600
1763769600
1763769600
1763769600
1763769600
1763769600
1763769600
1763769600
1763769600
1763769600
1763769600
1763769600
1763769600
1763769600
1763769600
1763769600
1763769600
1763769600
1763769600
1763769600
1763769600
1763769600
1763769600
1763769600
1763769600
1763769600
1763769600
1763769600
1763769600
1763769600
1763769600
1763769600
1763769600
1763769600
1763769600
1763769600
1763769600
1763769600
1763856000
1763856000
1763856000
1763856000
1763856000
1763856000
1763856000
1763856000
1763856000
1763856000
1763856000
1763856000
1763856000
1763856000
1763856000
1763856000
1763856000
1763856000
1763856000
1763856000
1763856000
1763856000
1763856000
1763856000
1763856000
1763856000
1763856000
1763856000
1763856000
1763856000
1763856000
1763856000
1763856000
1763856000
1763856000
1763856000
1763856000
1763856000
1763856000
1763856000
1763856000
1763856000
1763856000
1763856000
1763942400
1763942400
1763942400
1763942400
1763942400
1763942400
1763942400
1763942400
1763942400
1763942400
1763942400
1763942400
1763942400
1763942400
1763942400
1763942400
1763942400
1763942400
1763942400
1763942400
1763942400
1763942400
1763942400
1763942400
1763942400
1763942400
1763942400
1763942400
1763942400
1763942400
1763942400
1763942400
1763942400
1763942400
1763942400
1763942400
1763942400
1763942400
1763942400
1763942400
1763942400
1763942400
1763942400
1763942400
1764028800
1764028800
1764028800
1764028800
1764028800
1764028800
1764028800
1764028800
1764028800
1764028800
1764028800
1764028800
1764028800
1764028800
1764028800
1764028800
1764028800
1764028800
1764028800
1764028800
1764028800
1764028800
1764028800
1764028800
1764028800
1764028800
1764028800
1764028800
1764028800
1764028800
1764028800
1764028800
1764028800
1764028800
1764028800
1764028800
1764028800
1764028800
1764028800
1764028800
1764028800
1764028800
1764028800
1764028800
1764115200
1764115200
1764115200
1764115200
1764115200
1764115200
1764115200
1764115200
1764115200
1764115200
1764115200
1764115200
1764115200
1764115200
1764115200
1764115200
1764115200
1764115200
1764115200
1764115200
1764115200
1764115200
1764115200
1764115200
1764115200
1764115200
1764115200
1764115200
1764115200
1764115200
1764115200
1764115200
1764115200
1764115200
1764115200
1764115200
1764115200
1764115200
1764115200
1764115200
1764115200
1764115200
1764115200
1764115200
1764201600
1764201600
1764201600
1764201600
1764201600
1764201600
1764201600
1764201600
1764201600
1764201600
1764201600
1764201600
1764201600
1764201600
1764201600
1764201600
1764201600
1764201600
1764201600
1764201600
1764201600
1764201600
1764201600
1764201600
1764201600
1764201600
1764201600
1764201600
1764201600
1764201600
1764201600
1764201600
1764201600
1764201600
1764201600
1764201600
1764201600
1764201600
1764201600
1764201600
1764201600
1764201600
1764201600
1764201600
1764288000
1764288000
1764288000
1764288000
1764288000
1764288000
1764288000
1764288000
1764288000
1764288000
1764288000
1764288000
1764288000
1764288000
1764288000
1764288000
1764288000
1764288000
1764288000
1764288000
1764288000
1764288000
1764288000
1764288000
1764288000
1764288000
1764288000
1764288000
1764288000
1764288000
1764288000
1764288000
1764288000
1764288000
1764288000
1764288000
1764288000
1764288000
1764288000
1764288000
1764288000
1764288000
1764288000
1764288000
1764374400
1764374400
1764374400
1764374400
1764374400
1764374400
1764374400
1764374400
1764374400
1764374400
1764374400
1764374400
1764374400
1764374400
1764374400
1764374400
1764374400
1764374400
1764374400
1764374400
1764374400
1764374400
1764374400
1764374400
1764374400
1764374400
1764374400
1764374400
1764374400
1764374400
1764374400
1764374400
1764374400
1764374400
1764374400
1764374400
1764374400
1764374400
1764374400
1764374400
1764374400
1764374400
1764374400
1764374400
1764460800
1764460800
1764460800
1764460800
1764460800
1764460800
1764460800
1764460800
1764460800
1764460800
1764460800
1764460800
1764460800
1764460800
1764460800
1764460800
1764460800
1764460800
1764460800
1764460800
1764460800
1764460800
1764460800
1764460800
1764460800
1764460800
1764460800
1764460800
1764460800
1764460800
1764460800
1764460800
1764460800
1764460800
1764460800
1764460800
1764460800
1764460800
1764460800
1764460800
1764460800
1764460800
1764460800
1764460800
1764547200
1764547200
1764547200
1764547200
1764547200
1764547200
1764547200
1764547200
1764547200
1764547200
1764547200
1764547200
1764547200
1764547200
1764547200
1764547200
1764547200
1764547200
1764547200
1764547200
1764547200
1764547200
1764547200
1764547200
1764547200
1764547200
1764547200
1764547200
1764547200
1764547200
1764547200
1764547200
1764547200
1764547200
1764547200
1764547200
1764547200
1764547200
1764547200
1764547200
1764547200
1764547200
1764547200
1764547200
1764633600
1764633600
1764633600
1764633600
1764633600
1764633600
1764633600
1764633600
1764633600
1764633600
1764633600
1764633600
1764633600
1764633600
1764633600
1764633600
1764633600
1764633600
1764633600
1764633600
1764633600
1764633600
1764633600
1764633600
1764633600
1764633600
1764633600
1764633600
1764633600
1764633600
1764633600
1764633600
1764633600
1764633600
1764633600
1764633600
1764633600
1764633600
1764633600
1764633600
1764633600
1764633600
1764633600
1764633600
1764720000
1764720000
1764720000
1764720000
1764720000
1764720000
1764720000
1764720000
1764720000
1764720000
1764720000
1764720000
1764720000
1764720000
1764720000
1764720000
1764720000
1764720000
1764720000
1764720000
1764720000
1764720000
1764720000
1764720000
1764720000
1764720000
1764720000
1764720000
1764720000
1764720000
1764720000
1764720000
1764720000
1764720000
1764720000
1764720000
1764720000
1764720000
1764720000
1764720000
1764720000
1764720000
1764720000
1764720000
1764806400
1764806400
1764806400
1764806400
1764806400
1764806400
1764806400
1764806400
1764806400
1764806400
1764806400
1764806400
1764806400
1764806400
1764806400
1764806400
1764806400
1764806400
1764806400
1764806400
1764806400
1764806400
1764806400
1764806400
1764806400
1764806400
1764806400
1764806400
1764806400
1764806400
1764806400
1764806400
1764806400
1764806400
1764806400
1764806400
1764806400
1764806400
1764806400
1764806400
1764806400
1764806400
1764806400
1764806400
1764892800
1764892800
1764892800
1764892800
1764892800
1764892800
1764892800
1764892800
1764892800
1764892800
1764892800
1764892800
1764892800
1764892800
1764892800
1764892800
1764892800
1764892800
1764892800
1764892800
1764892800
1764892800
1764892800
1764892800
1764892800
1764892800
1764892800
1764892800
1764892800
1764892800
1764892800
1764892800
1764892800
1764892800
1764892800
1764892800
1764892800
1764892800
1764892800
1764892800
1764892800
1764892800
1764892800
1764892800
1764979200
1764979200
1764979200
1764979200
1764979200
1764979200
1764979200
1764979200
1764979200
1764979200
1764979200
1764979200
1764979200
1764979200
1764979200
1764979200
1764979200
1764979200
1764979200
1764979200
1764979200
1764979200
1764979200
1764979200
1764979200
1764979200
1764979200
1764979200
1764979200
1764979200
1764979200
1764979200
1764979200
1764979200
1764979200
1764979200
1764979200
1764979200
1764979200
1764979200
1764979200
1764979200
1764979200
1764979200
1765065600
1765065600
1765065600
1765065600
1765065600
1765065600
1765065600
1765065600
1765065600
1765065600
1765065600
1765065600
1765065600
1765065600
1765065600
1765065600
1765065600
1765065600
1765065600
1765065600
1765065600
1765065600
1765065600
1765065600
1765065600
1765065600
1765065600
1765065600
1765065600
1765065600
1765065600
1765065600
1765065600
1765065600
1765065600
1765065600
1765065600
1765065600
1765065600
1765065600
1765065600
1765065600
1765065600
1765065600
1765152000
1765152000
1765152000
1765152000
1765152000
1765152000
1765152000
1765152000
1765152000
1765152000
1765152000
1765152000
1765152000
1765152000
1765152000
1765152000
1765152000
1765152000
1765152000
1765152000
1765152000
1765152000
1765152000
1765152000
1765152000
1765152000
1765152000
1765152000
1765152000
1765152000
1765152000
1765152000
1765152000
1765152000
1765152000
1765152000
1765152000
1765152000
1765152000
1765152000
1765152000
1765152000
1765152000
1765152000
1765238400
1765238400
1765238400
1765238400
1765238400
1765238400
1765238400
1765238400
1765238400
1765238400
1765238400
1765238400
1765238400
1765238400
1765238400
1765238400
1765238400
1765238400
1765238400
1765238400
1765238400
1765238400
1765238400
1765238400
1765238400
1765238400
1765238400
1765238400
1765238400
1765238400
1765238400
1765238400
1765238400
1765238400
1765238400
1765238400
1765238400
1765238400
1765238400
1765238400
1765238400
1765238400
1765238400
1765238400
1765324800
1765324800
1765324800
1765324800
1765324800
1765324800
1765324800
1765324800
1765324800
1765324800
1765324800
1765324800
1765324800
1765324800
1765324800
1765324800
1765324800
1765324800
1765324800
1765324800
1765324800
1765324800
1765324800
1765324800
1765324800
1765324800
1765324800
1765324800
1765324800
1765324800
1765324800
1765324800
1765324800
1765324800
1765324800
1765324800
1765324800
1765324800
1765324800
1765324800
1765324800
1765324800
1765324800
1765324800
1765411200
1765411200
1765411200
1765411200
1765411200
1765411200
1765411200
1765411200
1765411200
1765411200
1765411200
1765411200
1765411200
1765411200
1765411200
1765411200
1765411200
1765411200
1765411200
1765411200
1765411200
1765411200
1765411200
1765411200
1765411200
1765411200
1765411200
1765411200
1765497600
1765497600
1765497600
1765497600
1765497600
1765497600
1765497600
1765497600
1765497600
1765497600
1765497600
1765497600
1765497600
1765497600
1765497600
1765497600
1765497600
1765497600
1765497600
1765497600
1765497600
1765497600
1765497600
1765497600
1765497600
1765497600
1765497600
1765497600
1765584000
1765584000
1765584000
1765584000
1765584000
1765584000
1765584000
1765584000
1765584000
1765584000
1765584000
1765584000
1765584000
1765584000
1765584000
1765584000
1765584000
1765584000
1765584000
1765584000
1765584000
1765584000
1765584000
1765584000
1765584000
1765584000
1765584000
1765584000
1765670400
1765670400
1765670400
1765670400
1765670400
1765670400
1765670400
1765670400
1765670400
1765670400
1765670400
1765670400
1765670400
1765670400
1765670400
1765670400
1765670400
1765670400
1765670400
1765670400
1765670400
1765670400
1765670400
1765670400
1765670400
1765670400
1765670400
1765670400
1765756800
1765756800
1765756800
1765756800
1765756800
1765756800
1765756800
1765756800
1765756800
1765756800
1765756800
1765756800
1765756800
1765756800
1765756800
1765756800
1765756800
1765756800
1765756800
1765756800
1765756800
1765756800
1765756800
1765756800
1765756800
1765756800
1765756800
1765756800
1765843200
1765843200
1765843200
1765843200
1765843200
1765843200
1765843200
1765843200
1765843200
1765843200
1765843200
1765843200
1765843200
1765843200
1765843200
1765843200
1765843200
1765843200
1765843200
1765843200
1765843200
1765843200
1765843200
1765843200
1765843200
1765843200
1765843200
1765843200
1765929600
1765929600
1765929600
1765929600
1765929600
1765929600
1765929600
1765929600
1765929600
1765929600
1765929600
1765929600
1765929600
1765929600
1765929600
1765929600
1765929600
1765929600
1765929600
1765929600
1765929600
1765929600
1765929600
1765929600
1765929600
1765929600
1765929600
1765929600
1766016000
1766016000
1766016000
1766016000
1766016000
1766016000
1766016000
1766016000
1766016000
1766016000
1766016000
1766016000
1766016000
1766016000
1766016000
1766016000
1766016000
1766016000
1766016000
1766016000
1766016000
1766016000
1766016000
1766016000
1766016000
1766016000
1766016000
1766016000
1766102400
1766102400
1766102400
1766102400
1766102400
1766102400
1766102400
1766102400
1766102400
1766102400
1766102400
1766102400
1766102400
1766102400
1766102400
1766102400
1766102400
1766102400
1766102400
1766102400
1766102400
1766102400
1766102400
1766102400
1766102400
1766102400
1766102400
1766102400
1766188800
1766188800
1766188800
1766188800
1766188800
1766188800
1766188800
1766188800
1766188800
1766188800
1766188800
1766188800
1766188800
1766188800
1766188800
1766188800
1766188800
1766188800
1766188800
1766188800
1766188800
1766188800
1766188800
1766188800
1766188800
1766188800
1766188800
1766188800
1766275200
1766275200
1766275200
1766275200
1766275200
1766275200
1766275200
1766275200
1766275200
1766275200
1766275200
1766275200
1766275200
1766275200
1766275200
1766275200
1766275200
1766275200
1766275200
1766275200
1766275200
1766275200
1766275200
1766275200
1766275200
1766275200
1766275200
1766275200
1766361600
1766361600
1766361600
1766361600
1766361600
1766361600
1766361600
1766361600
1766361600
1766361600
1766361600
1766361600
1766361600
1766361600
1766361600
1766361600
1766361600
1766361600
1766361600
1766361600
1766361600
1766361600
1766361600
1766361600
1766361600
1766361600
1766361600
1766361600
1766448000
1766448000
1766448000
1766448000
1766448000
1766448000
1766448000
1766448000
1766448000
1766448000
1766448000
1766448000
1766448000
1766448000
1766448000
1766448000
1766448000
1766448000
1766448000
1766448000
1766448000
1766448000
1766448000
1766448000
1766448000
1766448000
1766448000
1766448000
