1758067200
1758067200
1758067200
1758067200
1758153600
1758153600
1758153600
1758153600
1758240000
1758240000
1758240000
1758240000
1758326400
1758326400
1758326400
1758326400
1758412800
1758412800
1758499200
1758499200
1758499200
1758499200
1758672000
1758672000
1758672000
1758672000
1758758400
1758758400
1758758400
1758758400
1758844800
1758844800
1758844800
1758844800
1758931200
1758931200
1758931200
1758931200
1759017600
1759017600
1759017600
1759017600
1759104000
1759104000
1759104000
1759104000
1759190400
1759190400
1759190400
1759190400
1759276800
1759276800
1759276800
1759276800
1759363200
1759363200
1759363200
1759363200
1759449600
1759449600
1759449600
1759449600
1759536000
1759536000
1759536000
1759536000
1759622400
1759622400
1759622400
1759622400
1759708800
1759708800
1759708800
1759708800
1759795200
1759795200
1759795200
1759795200
1759881600
1759881600
1759881600
1759881600
1759968000
1759968000
1759968000
1759968000
1760054400
1760054400
1760054400
1760054400
1760140800
1760140800
1760140800
1760140800
1760227200
1760227200
1760227200
1760227200
1760313600
1760313600
1760313600
1760313600
1760400000
1760400000
1760400000
1760400000
1760486400
1760486400
1760486400
1760486400
1760572800
1760572800
1760572800
1760572800
1760659200
1760659200
1760659200
1760659200
1760745600
1760745600
1760745600
1760745600
1760832000
1760832000
1760918400
1760918400
1760918400
1760918400
1761004800
1761004800
1761004800
1761004800
1761091200
1761091200
1761091200
1761091200
1761177600
1761177600
1761177600
1761177600
1761264000
1761264000
1761264000
1761264000
1761350400
1761350400
1761350400
1761350400
1761436800
1761436800
1761436800
1761436800
1761523200
1761523200
1761523200
1761523200
1761609600
1761609600
1761609600
1761609600
1761696000
1761696000
1761696000
1761696000
1761782400
1761782400
1761782400
1761782400
1761868800
1761868800
1761868800
1761868800
1761955200
1761955200
1761955200
1761955200
1762041600
1762041600
1762041600
1762041600
1762128000
1762128000
1762128000
1762128000
1762214400
1762214400
1762214400
1762214400
1762300800
1762300800
1762300800
1762300800
1762387200
1762387200
1762387200
1762387200
1762473600
1762473600
1762473600
1762473600
1762560000
1762560000
1762560000
1762560000
1762646400
1762646400
1762646400
1762646400
1762732800
1762732800
1762732800
1762732800
1762819200
1762819200
1762819200
1762819200
1762905600
1762905600
1762905600
1762905600
1762992000
1762992000
1762992000
1762992000
1763078400
1763078400
1763078400
1763078400
1763164800
1763164800
1763164800
1763164800
1763251200
1763251200
1763251200
1763251200
1763337600
1763337600
1763337600
1763337600
1763424000
1763424000
1763424000
1763424000
1763510400
1763510400
1763510400
1763510400
1763596800
1763596800
1763596800
1763596800
1763683200
1763683200
1763683200
1763683200
1763769600
1763769600
1763769600
1763769600
1763856000
1763856000
1763856000
1763856000
1763942400
1763942400
1763942400
1763942400
1764028800
1764028800
1764028800
1764028800
1764115200
1764115200
1764115200
1764115200
1764201600
1764201600
1764201600
1764201600
1764288000
1764288000
1764288000
1764288000
1764374400
1764374400
1764374400
1764374400
1764460800
1764460800
1764460800
1764460800
1764547200
1764547200
1764547200
1764547200
1764633600
1764633600
1764633600
1764633600
1764720000
1764720000
1764720000
1764720000
1764806400
1764806400
1764806400
1764806400
1764892800
1764892800
1764892800
1764892800
1764979200
1764979200
1764979200
1764979200
1765065600
1765065600
1765065600
1765065600
1765152000
1765152000
1765152000
1765152000
1765238400
1765238400
1765238400
1765238400
1765324800
1765324800
1765324800
1765324800
1765411200
1765411200
1765411200
1765411200
1765497600
1765497600
1765497600
1765497600
1765584000
1765584000
1765584000
1765584000
1765670400
1765670400
1765670400
1765670400
1765756800
1765756800
1765756800
1765756800
1765843200
1765843200
1765843200
1765843200
1765929600
1765929600
1765929600
1765929600
1766016000
1766016000
1766016000
1766016000
1766102400
1766102400
1766102400
1766102400
1766188800
1766188800
1766188800
1766188800
1766275200
1766275200
1766275200
1766275200
1766361600
1766361600
1766361600
1766361600
1766448000
1766448000
1766448000
1766448000
