6
3
3
6
1
1
2
3
5
7
8
2
2
2
1
1
1
1
1
2
3
3
5
3
3
4
5
5
3
4
6
3
2
2
1
2
2
1
2
2
2
2
2
2
3
10
8
2
2
11
9
1
2
4
2
2
2
9
8
2
5
4
4
4
6
12
11
5
3
1
3
3
6
5
15
6
1
2
2
1
1
1
1
1
1
1
2
1
1
3
1
1
5
13
13
9
3
10
9
3
5
9
8
3
7
10
13
7
3
2
7
3
3
2
2
2
6
3
4
5
4
3
5
4
5
5
2
4
2
4
5
3
6
7
7
4
10
7
19
12
5
8
11
5
10
10
13
7
11
11
17
11
17
12
14
14
11
13
11
5
14
8
22
18
16
17
19
12
5
5
3
4
6
6
9
6
6
8
2
2
7
4
3
4
8
7
3
3
25
7
11
20
8
5
4
4
17
12
21
14
17
10
21
15
8
6
6
8
6
4
12
11
18
15
16
11
16
10
16
16
6
6
14
8
2
3
3
2
11
6
9
11
19
15
25
16
50
40
53
39
58
41
50
44
60
42
34
48
33
19
19
29
39
38
33
31
43
29
49
46
48
42
53
48
46
35
41
39
42
34
31
36
27
37
29
18
38
34
30
31
21
25
25
18
38
29
32
39
72
46
60
75
83
50
53
79
65
53
47
53
45
49
48
36
77
51
36
30
68
43
48
50
61
47
39
28
81
76
54
58
253
154
138
179
408
221
155
207
296
133
79
110
211
111
79
158
259
97
92
232
305
168
91
193
371
246
144
258
223
136
84
158
369
248
110
206
177
174
127
149
220
97
112
38
256
98
106
121
310
225
125
259
132
75
70
112
