8
3
6
9
5
4
4
3
2
3
3
2
7
4
4
3
2
5
5
2
3
4
2
1
2
2
2
1
4
2
1
1
1
3
3
1
1
1
1
1
4
3
4
5
8
5
7
8
9
6
5
4
4
5
7
3
2
2
2
1
1
1
2
2
3
3
6
5
10
6
4
7
5
4
12
6
7
9
2
2
5
4
9
8
13
5
4
3
4
4
2
2
2
2
3
2
2
3
1
1
1
1
1
1
2
2
4
5
2
2
3
4
2
1
2
1
3
2
2
1
4
3
3
1
1
1
1
1
11
7
9
10
6
2
4
6
1
1
3
2
2
6
6
2
4
6
8
3
3
4
6
4
11
7
9
11
2
1
9
4
4
2
3
3
2
1
4
6
20
9
12
11
38
30
43
34
19
13
25
17
13
15
15
15
19
36
31
18
8
11
10
5
7
7
10
6
9
6
6
6
2
2
9
4
11
5
14
16
21
25
37
20
6
8
8
9
11
5
9
11
2
2
4
5
5
5
11
5
9
16
23
9
23
8
17
25
9
9
6
6
3
17
17
3
8
10
8
3
6
8
6
5
11
8
11
9
5
9
15
7
7
8
9
10
13
20
21
17
11
5
26
20
19
13
28
19
22
40
40
19
16
33
30
18
23
26
29
17
17
19
19
13
24
19
21
25
15
11
16
8
6
8
15
13
4
7
17
11
13
9
18
15
14
14
24
12
18
10
24
19
21
24
29
24
25
25
42
27
19
28
69
27
39
80
103
45
42
36
72
45
112
153
289
150
194
439
685
226
235
403
749
278
212
522
476
333
149
342
426
181
221
327
626
298
103
283
405
297
172
459
829
381
181
603
780
456
155
419
725
360
83
410
520
186
202
291
463
290
176
408
656
296
256
448
667
307
267
294
762
320
496
617
892
580
260
413
751
357
234
311
502
386
121
79
386
211
93
114
406
180
133
223
612
294
290
492
909
473
346
404
1066
587
372
284
796
873
112
160
475
360
261
198
506
394
260
367
660
527
350
479
973
1065
134
312
611
379
194
263
500
280
211
552
585
307
159
426
417
278
119
256
440
290
164
392
751
483
315
589
851
467
269
690
960
522
208
511
1014
468
188
516
967
390
112
268
808
312
134
149
570
287
260
668
1104
591
417
1161
1748
953
859
1777
2693
1875
