1
1
4
2
5
2
5
8
12
3
55
56
2
1
2
4
11
3
8
12
11
8
4
8
3
4
4
2
1
1
3
3
2
1
2
2
4
2
1
2
8
4
3
7
11
4
7
11
8
9
5
6
4
3
5
5
6
3
4
7
7
3
4
8
17
5
7
18
18
18
22
21
13
7
10
14
11
8
9
12
16
14
15
19
36
26
28
40
21
34
24
22
20
9
10
20
3
25
26
4
7
5
6
11
2
2
2
2
19
16
5
19
10
12
8
13
6
6
2
6
12
11
5
12
8
9
9
8
29
29
30
30
26
26
27
28
32
32
34
35
29
30
31
30
9
9
9
9
26
24
24
26
3
3
3
3
12
15
20
14
30
26
10
32
32
32
28
31
35
24
26
35
26
33
35
30
34
26
32
42
13
5
12
20
7
15
17
16
3
13
14
11
9
11
13
15
9
13
13
12
8
5
4
9
5
5
7
8
5
7
8
7
1
3
5
2
1
2
3
2
6
3
6
10
4
3
5
7
8
1
3
10
5
6
7
7
6
6
7
10
7
6
8
10
7
6
6
7
4
4
4
4
6
5
7
9
6
5
5
6
8
4
6
9
9
5
7
11
7
3
4
8
10
8
9
12
8
6
8
10
31
25
26
32
33
33
35
36
17
16
16
17
30
29
30
31
8
7
7
8
24
24
26
27
26
26
27
28
38
28
39
41
27
28
30
32
83
71
41
71
95
98
74
72
34
30
44
46
40
32
35
48
69
52
62
78
86
81
87
99
58
58
62
68
61
41
60
69
82
79
92
104
51
39
62
69
18
38
73
46
14
14
23
30
21
22
30
30
23
29
35
40
11
15
17
46
22
13
15
25
10
8
13
17
23
27
28
31
17
10
17
19
10
7
12
18
9
7
12
15
42
43
45
46
21
19
22
25
34
31
33
38
42
35
37
45
40
31
34
45
33
35
38
36
40
25
30
44
17
15
19
25
55
57
59
63
6
13
24
19
8
6
10
16
7
11
16
17
38
38
40
42
36
41
42
40
57
55
57
62
6
7
9
9
2
7
8
5
2
3
4
4
8
6
8
10
11
13
14
12
10
11
13
13
12
8
10
15
16
9
11
19
6
4
6
10
17
15
20
20
15
15
20
23
15
8
34
40
18
7
15
25
21
11
18
27
20
18
26
35
21
21
26
30
10
9
28
34
9
5
9
11
16
15
17
24
10
11
12
18
14
13
14
17
14
8
13
19
65
54
61
75
22
14
17
30
130
27
32
156
70
60
65
78
77
42
52
87
62
62
45
69
157
212
213
167
86
63
66
94
68
71
79
74
78
83
67
90
67
72
77
80
46
32
36
56
57
36
44
72
69
71
92
100
104
50
85
133
64
36
45
85
75
33
40
91
38
30
86
91
79
56
120
143
214
137
160
253
167
248
303
249
265
303
330
324
222
184
276
291
271
167
189
281
169
172
214
219
219
344
358
332
353
199
370
525
126
226
411
323
95
131
268
219
197
167
336
369
578
438
565
710
393
309
368
489
632
674
733
685
395
491
785
704
513
518
606
609
513
460
768
823
286
249
334
366
149
191
273
249
223
217
295
319
135
145
149
146
158
146
153
165
291
289
316
310
120
144
150
132
109
112
121
116
115
109
118
128
95
65
73
106
75
93
96
90
45
34
44
55
99
79
84
110
85
88
196
97
87
76
89
98
57
70
77
148
84
71
80
97
43
54
57
61
27
29
40
44
88
82
94
106
97
66
86
119
82
87
112
107
79
74
80
91
57
52
62
78
59
47
57
78
23
37
44
36
77
74
97
90
94
61
74
106
51
62
71
63
75
88
92
87
64
61
67
78
50
51
54
57
72
62
67
82
33
43
65
49
1
7
8
2
1
3
5
2
1
2
3
2
2
2
1
1
2
2
1
3
4
2
1
1
3
2
2
2
1
1
2
2
1
15
21
2
3
2
1
2
1
9
10
2
