4
2
4
4
15
20
30
17
50
34
31
28
53
70
62
62
52
59
52
64
35
18
20
32
39
45
32
39
91
80
37
49
84
70
42
32
104
102
71
65
131
69
45
33
81
56
39
26
63
51
31
18
30
32
20
8
45
34
17
10
91
33
23
13
46
42
25
19
49
48
26
24
26
17
6
8
37
21
16
14
21
19
29
17
12
10
17
22
14
10
20
22
24
14
28
33
37
33
48
63
72
80
58
86
17
16
12
3
75
73
42
32
51
51
28
24
79
64
33
32
39
35
16
16
55
37
19
17
77
74
45
33
71
31
54
28
100
45
88
49
75
45
77
43
47
27
41
23
87
51
62
46
65
71
33
34
35
21
17
13
39
31
31
19
52
43
28
19
39
36
17
17
34
33
16
11
24
15
12
5
22
16
11
15
37
39
23
24
33
26
25
19
43
36
26
31
68
89
31
68
41
40
26
35
22
27
16
31
22
28
7
23
32
35
15
23
17
9
3
7
27
25
11
12
37
32
13
13
33
10
15
9
31
17
30
17
27
17
32
16
52
40
27
21
74
58
25
20
30
47
21
42
60
53
19
34
51
35
14
18
44
38
19
27
49
35
27
15
44
29
32
28
53
44
79
76
46
31
48
46
51
41
73
57
103
53
101
64
65
34
56
28
103
70
101
54
79
44
61
43
113
74
129
118
43
24
39
20
56
36
50
56
42
25
35
53
70
59
61
71
29
23
36
45
29
57
21
41
76
64
95
60
118
172
87
149
78
97
52
107
128
137
78
135
56
61
71
84
123
117
74
131
51
50
45
52
55
79
42
84
41
38
20
40
67
60
25
22
136
93
47
50
108
100
82
62
78
128
115
57
127
172
146
53
98
218
83
96
149
88
65
177
230
253
93
168
146
140
72
186
119
103
69
71
227
218
138
144
252
233
130
130
165
152
91
57
167
244
147
177
238
187
190
182
106
71
98
111
43
80
33
78
106
64
67
59
97
106
92
107
136
151
104
135
204
164
131
147
171
187
230
231
169
183
103
171
186
148
131
79
234
247
113
114
135
153
73
121
94
156
35
125
112
88
106
160
110
82
91
92
105
43
17
107
75
175
15
96
36
110
74
53
71
30
16
90
42
50
19
22
68
128
111
52
70
55
60
51
40
26
15
102
120
197
173
48
126
176
19
147
25
15
18
9
44
29
25
80
120
17
123
10
64
58
46
8
105
117
29
101
46
44
48
19
39
34
38
20
37
40
16
31
73
58
48
53
81
72
53
25
101
86
31
61
61
38
28
44
17
24
10
21
67
55
42
33
67
78
46
29
79
24
60
22
37
60
39
55
25
25
9
28
22
16
5
13
47
28
10
20
111
109
58
40
63
51
15
17
47
37
8
31
55
45
24
11
63
60
32
43
66
54
29
30
100
96
53
39
35
24
9
10
156
133
104
29
56
41
14
47
