4
4
4
1
2
2
4
3
1
2
3
3
4
4
3
3
2
2
1
1
1
1
1
2
2
1
1
2
2
1
2
4
5
2
2
4
4
2
7
8
7
3
4
4
2
1
5
6
2
2
1
3
4
2
1
1
3
2
4
2
1
2
1
6
6
1
5
5
6
4
11
11
12
7
1
1
1
2
5
5
7
4
2
2
8
4
1
1
2
3
1
1
1
3
1
1
1
1
2
3
3
3
1
1
1
1
1
1
3
4
1
1
2
2
1
1
4
1
2
2
2
3
5
6
7
3
2
5
5
1
2
3
3
2
2
2
1
1
7
7
5
4
3
5
3
2
2
1
1
1
2
5
1
1
4
6
7
2
4
10
7
2
15
28
26
10
4
9
9
4
5
5
4
3
32
32
11
5
5
11
10
6
3
7
6
2
7
14
9
5
3
11
12
10
4
17
17
9
12
15
14
11
7
7
6
5
8
9
7
6
15
17
13
12
8
10
8
7
10
19
16
7
7
9
6
4
12
13
12
11
18
23
20
16
8
12
8
6
12
18
15
7
17
25
23
16
22
19
16
15
33
61
51
30
53
41
29
39
33
48
35
22
53
46
34
41
33
38
26
22
31
55
37
18
34
56
35
17
31
50
33
15
21
34
28
15
21
15
8
15
23
20
16
17
18
22
16
12
8
23
18
5
13
23
18
10
773
784
782
770
1062
1083
1085
1055
24
49
38
12
39
99
81
26
56
65
65
45
75
89
85
51
262
381
350
205
190
322
307
157
160
266
249
135
274
321
302
245
255
322
289
221
315
400
372
260
251
411
379
216
478
621
463
317
437
581
549
377
354
462
417
314
291
360
323
261
509
582
430
337
409
747
722
370
455
934
888
405
573
638
583
518
620
718
572
463
399
498
478
361
233
311
294
202
395
953
925
354
337
982
945
300
364
490
444
316
354
373
330
288
327
378
332
269
244
329
300
196
149
262
231
117
343
581
532
308
298
406
364
257
348
426
392
308
238
317
292
204
237
263
225
199
223
817
800
198
221
426
395
177
431
441
406
373
481
466
416
421
530
475
428
466
275
463
421
202
259
353
327
233
312
640
606
172
332
600
569
179
250
10
3
78
227
23
3
66
571
32
6
48
