3
2
3
4
33
23
27
31
42
10
16
18
21
12
6
2
24
14
10
13
22
18
20
6
14
9
7
2
10
3
1
2
14
13
6
10
8
5
7
8
11
9
7
11
15
11
15
10
6
5
3
6
9
14
14
5
10
11
7
3
9
5
2
8
6
1
1
6
10
3
3
10
4
1
1
4
4
11
5
8
7
7
3
3
6
3
3
3
2
3
5
5
3
3
16
5
2
2
7
4
7
11
1
1
4
2
10
11
3
1
26
13
2
2
12
7
1
3
16
9
1
3
27
14
12
4
31
13
17
31
50
34
35
35
48
41
24
47
61
66
45
65
47
57
37
71
80
63
48
64
53
56
45
56
112
105
75
112
89
98
67
114
78
66
51
56
54
38
41
29
47
31
33
58
73
50
47
32
46
52
67
58
32
19
26
36
29
38
15
42
44
71
36
84
26
29
16
30
36
35
36
38
35
35
35
33
55
61
57
70
21
32
21
26
25
36
19
39
19
32
18
29
37
40
27
42
28
41
21
47
26
19
36
38
50
49
64
79
88
59
97
114
57
62
56
89
97
66
86
85
45
35
66
77
62
61
115
112
86
59
118
133
79
66
123
121
76
69
113
136
32
25
60
60
28
28
43
46
57
38
90
99
47
36
76
83
72
82
115
116
89
96
75
124
130
131
160
193
104
89
157
183
104
99
108
129
40
30
28
27
188
176
159
157
114
144
90
114
122
56
97
63
136
115
96
70
143
139
140
138
270
245
190
156
251
270
192
176
213
247
177
213
184
217
160
93
92
93
76
68
151
158
100
124
105
116
86
88
56
36
48
21
162
79
187
79
231
65
194
58
215
69
168
62
222
127
179
117
89
150
151
270
99
213
218
67
309
200
328
266
254
217
333
166
155
106
155
153
186
188
218
217
233
249
310
291
198
205
167
194
358
322
214
325
366
206
383
224
190
121
241
152
173
185
77
185
155
154
127
58
144
167
145
171
291
284
234
273
163
128
152
110
216
185
172
211
129
103
89
61
104
84
42
35
79
74
49
60
105
87
73
85
101
114
54
75
77
99
78
117
44
62
27
73
34
105
79
48
94
27
29
83
158
49
38
111
66
137
87
25
77
76
51
45
127
43
25
116
46
27
57
52
50
136
93
54
123
54
27
131
51
37
18
24
55
44
8
28
37
118
14
7
71
44
26
6
51
22
34
6
46
67
21
17
55
38
45
20
35
32
56
47
42
42
48
49
57
31
16
15
46
21
21
14
59
40
18
15
55
45
21
14
43
30
14
23
77
39
52
29
65
38
66
12
60
61
46
65
59
43
63
54
74
47
47
68
49
24
39
21
57
25
26
23
73
52
53
25
110
83
65
62
62
64
51
26
32
29
37
24
65
41
22
22
64
49
24
53
70
70
42
55
48
38
18
6
68
70
21
30
44
51
17
13
