75
116
134
68
48
47
58
42
33
42
46
25
21
47
54
16
17
53
50
7
17
67
63
9
15
25
22
6
19
34
30
20
11
36
32
14
15
30
29
17
9
26
26
15
14
17
19
16
14
33
36
20
14
37
39
18
11
35
34
12
12
20
26
20
17
10
19
13
7
2
29
16
11
3
15
12
16
13
29
23
14
18
23
20
12
4
33
32
4
3
19
14
30
5
61
38
45
29
90
78
3
2
3
12
56
53
67
53
7
26
32
30
6
10
11
9
7
9
6
11
57
10
66
50
40
58
30
56
8
10
10
9
10
13
10
18
14
6
4
7
12
10
8
9
10
4
1
7
13
8
4
10
9
12
10
16
4
9
14
5
6
5
7
15
9
10
9
8
9
77
7
80
6
4
8
16
8
6
8
8
8
5
5
6
4
6
5
2
9
6
4
2
8
8
6
10
5
6
4
4
3
5
7
7
1
5
7
3
4
10
9
3
4
16
15
5
5
7
7
6
3
10
9
5
6
17
15
6
3
5
6
4
7
18
19
6
5
18
15
2
8
26
23
6
3
28
29
3
25
45
73
21
17
77
72
15
11
15
22
10
11
13
30
22
6
4
19
11
4
6
17
9
20
71
74
33
33
35
40
43
24
19
34
30
12
6
34
15
14
14
26
19
15
26
33
19
7
2
20
28
9
7
14
7
28
11
24
12
13
19
29
11
12
15
15
5
14
23
20
2
11
16
14
5
5
7
6
4
14
13
15
6
14
27
11
21
5
8
8
7
5
30
29
9
2
14
15
8
2
11
11
3
5
18
19
7
3
7
6
9
15
8
8
15
9
7
14
12
12
12
16
10
17
17
11
9
3
8
12
9
5
6
18
6
15
5
14
10
5
10
13
11
12
25
18
9
7
16
14
3
5
11
10
6
8
14
7
8
8
15
11
10
11
14
9
16
8
11
9
6
6
11
13
10
6
3
8
5
4
7
11
7
3
8
8
5
3
18
24
4
3
5
14
4
15
6
4
12
16
25
23
20
13
16
30
13
8
7
16
16
5
19
20
7
6
15
17
12
10
18
18
16
2
7
9
10
7
15
19
6
6
9
24
22
3
2
8
4
7
7
17
12
10
10
18
18
4
3
19
15
9
11
19
7
5
4
3
3
5
4
3
4
11
8
9
11
16
2
16
21
2
1
12
9
9
8
14
12
18
18
19
14
15
14
10
14
18
16
13
12
41
20
18
20
19
23
22
21
24
10
10
19
19
9
4
24
34
14
20
28
24
20
21
16
25
18
15
23
13
18
19
8
20
15
15
12
50
21
21
79
29
24
17
11
17
20
13
13
20
17
19
20
16
25
21
13
22
18
21
17
18
10
16
12
16
6
7
13
21
9
9
16
7
19
14
5
12
19
28
10
10
19
21
16
7
12
16
11
4
8
10
5
10
7
9
11
11
8
8
8
14
7
13
8
5
12
12
8
9
9
16
12
6
8
9
11
7
12
8
6
8
22
23
9
4
11
12
9
8
21
21
12
3
14
13
12
4
10
9
11
5
10
10
5
12
5
3
16
4
20
23
11
7
19
21
13
4
6
13
6
8
11
16
12
4
10
15
7
13
8
14
12
12
25
24
10
10
24
22
7
7
22
21
6
11
17
13
8
5
13
9
2
10
9
22
11
16
15
14
23
13
16
21
18
17
55
65
20
16
19
22
15
5
13
11
6
3
8
8
7
2
8
10
11
9
12
21
22
3
14
19
9
11
11
13
12
9
15
19
10
8
12
11
9
16
19
17
14
8
18
20
11
6
12
12
12
4
36
38
7
6
7
16
9
10
4
22
13
4
9
19
11
4
5
9
9
4
7
16
10
9
8
12
10
9
3
9
10
6
10
9
12
1
20
22
4
9
57
17
13
10
19
20
20
9
11
15
11
9
2
6
8
11
1
5
13
13
5
7
14
6
23
27
7
7
10
19
10
9
3
9
9
8
5
65
11
14
7
18
15
7
2
15
11
6
5
22
9
7
5
49
8
17
10
46
15
4
6
15
8
1
1
30
9
3
8
24
12
1
2
24
6
5
3
26
14
7
14
23
16
6
30
50
15
7
28
51
13
16
10
54
20
24
21
105
29
6
51
54
13
8
14
39
12
4
14
37
10
6
18
16
7
7
18
26
12
5
4
57
11
10
32
34
17
109
63
134
106
127
198
242
187
95
81
121
130
84
122
155
140
71
81
130
126
39
16
32
46
31
48
63
32
90
95
141
106
130
102
156
132
70
77
81
79
30
34
53
30
33
32
34
29
157
234
248
202
67
140
144
63
71
112
139
73
102
125
162
112
57
67
99
88
44
47
80
62
21
49
138
39
122
155
269
168
73
67
133
103
70
133
171
86
40
122
246
92
31
56
164
76
41
60
95
65
37
65
77
41
43
77
131
83
48
22
108
59
41
65
156
77
12
5
120
68
55
25
128
82
120
81
199
97
62
98
157
146
54
116
155
91
23
81
175
57
36
110
171
112
87
54
170
128
17
32
156
93
62
120
262
129
100
109
207
181
98
131
261
227
88
45
233
137
65
66
143
144
48
24
99
83
6
3
142
92
8
6
72
86
27
21
239
120
26
41
109
145
71
34
194
92
33
68
114
73
75
73
123
196
21
16
100
87
3
15
118
120
43
96
173
190
49
19
139
141
30
28
116
57
15
19
70
51
13
22
132
68
34
78
198
128
13
20
110
89
21
25
104
106
32
25
157
93
10
7
118
84
14
26
65
52
12
7
51
49
26
21
170
87
5
3
157
57
5
14
140
78
8
12
142
65
10
20
138
82
26
38
104
91
73
74
116
82
57
59
132
99
39
33
127
73
10
23
94
90
29
66
139
84
42
22
61
67
38
25
67
72
23
13
148
66
9
33
91
82
18
15
66
119
7
21
64
73
6
8
74
51
29
55
77
67
23
28
87
74
19
28
59
99
54
58
129
62
72
176
245
73
