1
1
1
1
1
1
4
3
2
5
6
3
6
10
8
2
2
1
1
2
1
1
2
5
3
2
2
4
3
1
2
2
2
1
4
5
1
1
4
4
3
3
2
2
2
1
6
11
8
2
3
8
8
1
10
8
7
6
8
16
14
6
5
10
7
4
10
10
10
10
7
8
5
5
8
19
15
5
9
10
7
7
7
13
8
2
5
23
22
5
13
3
10
19
1
1
11
5
10
3
3
8
9
17
11
3
6
14
9
2
5
10
7
2
5
11
6
2
5
8
7
2
2
2
5
5
1
1
3
3
4
3
4
8
6
2
8
10
4
3
7
9
7
4
3
12
12
2
4
13
11
3
6
14
8
2
9
26
25
4
5
15
13
3
7
26
19
1
7
20
15
3
8
12
10
5
3
7
7
3
5
10
7
1
13
13
11
10
4
9
6
3
7
6
2
1
6
7
7
3
9
7
5
10
13
18
15
4
10
21
16
8
12
9
8
8
13
15
13
8
5
9
5
4
5
12
9
3
4
11
10
3
2
9
8
1
3
19
14
2
7
17
15
2
15
30
25
11
14
35
29
7
17
27
23
3
17
15
12
11
18
18
14
6
17
24
19
7
14
30
25
7
16
26
23
9
10
13
11
6
6
25
22
3
11
35
32
9
22
31
30
18
22
32
29
12
22
46
42
15
25
34
29
16
27
35
31
22
22
27
22
14
28
25
21
20
18
23
22
10
36
35
28
22
45
63
58
37
63
84
69
51
97
177
161
78
116
172
142
75
67
135
125
60
96
172
141
68
124
255
230
90
119
190
159
79
134
194
157
85
206
236
199
177
125
200
141
91
108
172
134
65
88
109
77
58
151
214
156
110
109
156
94
75
