155
2232
640
155
1969
2232
273
640
809
1117
640
1969
2232
1194
2504
697
1802
1905
2035
2232
697
1474
1500
1802
1905
2035
640
2232
2504
879
1194
1649
1749
2232
2238
477
809
876
1057
1194
1604
1646
2232
2238
2591
477
809
876
1057
1474
1604
1646
2591
1649
2232
897
2232
1649
1308
897
2232
1474
1308
111
2149
809
2149
2232
2325
2376
809
2325
2376
111
2232
2149
2232
1117
1834
2376
2575
1117
1834
2376
2232
897
2149
809
1834
809
1834
2232
881
897
2149
2232
897
1308
1834
2149
2232
1834
2232
897
993
1871
2232
809
1834
2149
2232
809
938
1834
938
1871
2232
897
993
1186
2645
1186
2645
2232
551
993
2149
2232
2238
2755
876
1117
1588
1739
1834
2043
2232
2376
2575
2591
2683
876
1117
1739
1834
2043
2376
2591
2683
2232
2755
737
1749
2755
876
1206
1834
2043
2337
2376
2591
2683
876
1206
1834
2043
2337
2376
2591
2683
2232
369
463
737
1020
1373
1749
2232
2573
2837
2839
369
463
1749
1834
2232
2573
2837
2839
369
463
1834
2232
2573
2837
2839
369
463
2232
2573
2837
2839
27
1205
1578
1749
2184
2232
2837
2839
27
876
909
1117
1205
1206
1578
1588
1749
1834
2043
2232
2376
2683
2837
2839
27
876
909
1117
1205
1206
1578
1834
2043
2232
2376
2683
2837
2839
27
1205
1578
2232
2837
2839
369
1049
1749
1781
2837
129
369
669
737
1749
1781
2232
2575
2645
2837
129
369
669
1781
2232
2645
2837
369
1781
2232
2837
2
899
1108
1205
1289
1390
1749
1994
2491
2884
2
899
1108
1205
1289
1390
1749
1994
2491
2884
2
899
1108
1205
1289
1390
1994
2232
2491
2884
2
899
1108
1205
1289
1390
1994
2232
2491
2884
121
1504
1749
1781
2232
2491
2884
121
1373
1749
1781
2232
2238
2491
2884
121
1781
2232
2491
2884
121
1781
2232
2491
2884
320
899
1220
1434
1749
1781
2232
2491
876
899
1117
1220
1749
1781
1834
1890
2064
2149
2232
2238
2325
2337
2376
2491
2575
2591
2683
876
899
1117
1220
1781
1834
1890
2064
2232
2325
2337
2376
2491
2591
2683
899
1220
1781
2232
2491
557
899
1220
1434
1749
1781
2064
2246
2839
557
737
899
1220
1749
1781
1899
2149
2232
2839
557
899
1220
1781
1899
2232
2839
557
899
1220
1781
2064
2232
2839
647
737
1220
1749
2232
2238
2246
321
536
876
1220
1434
1834
2149
2232
2238
2325
2337
2575
2591
321
876
1220
1834
2232
2325
2337
2591
1220
2232
647
1294
1586
2232
2238
6
11
124
178
294
445
504
662
737
1294
1586
1623
1749
1835
1844
2106
2107
2137
2264
2331
2605
2826
2858
6
11
124
178
294
445
504
662
1294
1586
1623
1835
1844
2106
2107
2137
2232
2264
2331
2605
2826
2858
11
1294
1586
2107
2232
6
124
178
445
504
662
1623
1844
2106
2137
2331
2605
2826
993
2149
2238
124
386
445
504
683
1844
2106
2134
2232
2840
6
124
178
294
445
504
662
1474
1623
1835
1844
2106
2137
2232
2264
2331
2605
2826
2858
647
448
248
448
683
1313
1761
1912
2120
2134
2232
2386
2626
683
1474
2134
2232
2626
248
647
683
748
1761
1912
2120
2134
2238
2386
2149
2232
2337
2134
2232
2337
248
683
1761
1912
2120
2134
2232
2386
647
1313
1543
1749
2232
2238
2311
2339
2591
814
876
909
993
1080
1105
1117
1642
1834
2149
2232
2238
2337
2376
2575
2591
2683
876
1080
1105
1117
1642
1834
2232
2337
2376
2591
2683
1313
2232
2591
737
973
1749
2232
2238
2311
551
897
993
1834
2232
2238
2259
2325
2337
2339
2376
2591
2645
2905
872
1834
2259
2325
2337
2376
2591
2645
2905
973
2232
849
1080
1749
2232
2238
909
1117
1543
1834
2238
2325
2337
2376
2575
2591
1117
1834
2232
2325
2337
2376
2591
1080
2232
737
849
949
2232
2591
132
658
737
909
1834
2149
2232
2238
2337
2575
2591
132
658
1834
2232
2337
2591
2232
2591
611
737
849
1568
2174
611
849
1497
1685
2232
2337
2376
2645
611
1497
1685
2232
2337
2376
2645
611
2232
2103
2302
849
2232
849
1134
2232
2295
2872
127
849
2149
2184
2232
127
2232
737
897
1615
737
1551
1671
1551
1615
1671
2232
1551
1615
2232
849
2191
2232
2766
737
849
897
909
2191
2232
2337
2575
737
909
1834
2191
2337
2575
1551
2232
798
849
872
897
940
2191
2232
2766
798
849
897
909
1642
1749
1834
2191
2232
2766
1642
1834
2191
2232
872
2191
2232
320
555
897
940
2191
2232
2766
555
909
1749
1834
2191
2232
2575
2591
2766
796
1551
1834
2128
2191
2232
2591
555
2128
2191
2232
320
2232
2766
740
909
1117
1800
1834
2072
2325
2337
2376
2575
2591
2683
740
1117
1800
1818
1834
2072
2325
2337
2376
2575
2591
2683
2128
2232
83
1013
1423
2232
181
835
897
966
1117
1360
1423
2072
2130
2232
2337
2575
2580
181
835
966
1117
1360
1423
2072
2130
2232
2337
2580
1423
2128
2232
45
83
835
1459
2232
2238
83
120
215
897
909
1117
1834
2072
2232
2337
2376
2575
2591
2766
120
1117
1834
2072
2232
2337
2376
2591
835
2232
120
371
849
1013
1211
1459
2232
2311
2766
83
129
170
236
247
254
371
664
753
773
788
1117
1642
1739
1834
1849
2043
2072
2232
2238
2337
2376
2575
2591
2683
2766
129
170
236
247
254
664
753
773
788
796
1117
1551
1642
1739
1834
1849
2043
2072
2128
2232
2337
2376
2591
2664
2683
120
1211
1459
2232
371
849
1985
2766
2855
371
982
1117
1242
1694
1834
1881
2072
2079
2149
2232
2337
2401
2713
2766
982
1117
1242
1551
1694
1834
1881
2072
2079
2128
2337
2401
2713
1985
2232
2855
251
409
826
897
1459
2232
2766
54
259
371
439
849
897
909
1117
1165
1738
1834
2036
2072
2232
2323
2337
2376
2494
2591
2645
2683
2750
2766
2866
2872
2893
54
259
439
1117
1165
1738
1834
2036
2072
2323
2337
2376
2494
2591
2645
2683
2750
2866
2893
2232
897
1320
1459
1978
2232
2766
2768
459
897
1062
1117
1320
1599
1739
1834
2043
2133
2190
2232
2337
2376
2421
2591
2645
2683
2766
2825
459
1062
1117
1739
1834
2043
2133
2190
2337
2376
2421
2591
2645
2683
2825
1551
1978
2232
826
849
1454
1862
2232
2447
2466
2766
45
558
1013
1320
1834
1862
2232
2243
2447
2645
2766
2876
45
558
1117
1834
1862
2232
2243
2447
2645
2876
1551
1862
2079
2232
2447
558
826
836
836
849
878
1125
2283
2817
2841
836
878
1125
2232
2283
2817
2841
558
836
2232
826
1465
1850
2285
2288
287
849
1180
1400
1834
2139
2147
2232
2556
2766
287
1180
1400
1834
2139
2147
2556
2232
75
102
494
1125
1465
1548
1754
1805
2232
2294
2376
2679
2766
75
102
208
317
494
849
973
1548
1754
1805
2232
2294
2679
75
102
208
317
494
1548
1754
1805
2232
2294
2679
75
102
494
1125
1548
1754
1805
2232
2294
2679
490
1754
2232
2766
490
849
1065
1426
1754
1985
2082
2285
2766
490
1065
1426
1754
2082
2232
490
1754
2232
1777
1850
1986
2195
2235
2376
2766
1465
2232
2238
2337
2479
2766
2337
2479
2232
564
635
1573
1670
2232
2376
840
1531
1986
2164
2232
2696
2766
572
840
1531
1986
2164
2645
2696
1531
2164
2232
564
572
840
1136
1850
2055
2195
2404
2766
215
826
1465
1576
1946
2232
2766
1551
1576
1946
2128
2232
572
840
982
1136
1849
1850
2055
2195
2232
2404
334
342
730
826
849
897
1431
1465
1576
2232
2285
2766
2768
215
740
876
909
1117
1368
1573
1739
1834
2043
2055
2232
2325
2376
2636
2645
2683
2766
740
876
909
1117
1368
1739
1834
2043
2055
2232
2325
2376
2636
2645
2683
1551
1576
2128
2232
371
849
885
1368
1462
1489
1744
2232
2521
2890
119
129
215
334
564
619
849
885
909
1489
1621
1687
1834
2232
2325
2376
2645
2766
2805
2813
2890
119
129
619
885
1489
1621
1687
1834
2128
2232
2325
2376
2645
2709
2805
2813
371
885
1368
1462
1489
2232
2521
2890
197
371
849
946
1452
1843
2059
2232
2243
2351
2696
2805
197
371
849
946
1634
2232
2337
2521
2766
197
946
1146
1634
1843
2232
2337
2521
197
946
1843
2128
2232
2243
2696
2805
619
754
849
946
1180
1732
1850
2139
2232
2288
2295
2516
2675
172
299
754
849
1117
1732
2232
2325
2336
2337
2376
2495
2516
2645
2766
172
299
754
1117
1732
2232
2325
2336
2337
2376
2495
2516
2645
619
754
946
1180
1732
2139
2232
2516
849
1697
1850
2232
2353
129
371
1670
1744
2232
2337
2353
2376
2766
129
2128
2232
2337
2376
208
1697
2232
2353
849
1697
2232
2376
2851
635
849
909
1372
1834
2043
2232
2325
2376
2591
2683
2851
1372
1834
2043
2128
2232
2325
2376
2591
2683
2147
2232
2376
849
2232
2336
2813
567
729
849
1091
1117
1702
1834
2376
2591
2675
2683
567
729
1091
1117
1702
1834
2232
2376
2591
2683
2232
2336
2813
849
2232
104
293
419
620
1069
1358
1916
2295
2772
104
293
419
620
1069
1358
1916
2772
2232
849
980
2232
129
753
849
1117
1777
1834
1850
2069
2195
2226
2232
2254
2268
2288
2337
2376
2645
2788
2896
129
753
849
1117
1834
2069
2226
2254
2268
2337
2376
2645
2788
2896
2232
2709
553
722
849
1430
1457
1850
2232
70
145
171
177
566
849
909
1303
1430
1599
1834
2024
2232
2325
2376
2645
2683
70
145
171
177
566
909
1303
1430
1834
2024
2232
2325
2376
2645
2683
1430
2232
129
287
339
849
1271
1400
1775
1896
2003
2203
2229
2232
2376
2582
2590
129
151
339
566
816
849
909
1021
1117
1271
1599
1739
1775
1834
1896
2003
2056
2203
2229
2232
2325
2337
2376
2429
2575
2582
2591
2645
2683
2752
129
151
339
566
816
1021
1117
1271
1739
1775
1834
1896
2003
2056
2229
2232
2325
2337
2376
2429
2582
2591
2645
2683
2752
129
287
339
1271
1400
1775
1896
2003
2229
2232
2582
104
129
139
268
849
976
1159
1372
1850
2128
2232
2431
2590
2828
1
129
145
177
227
268
346
414
460
533
849
1117
1256
1452
1459
1496
1581
1593
1795
1834
2226
2232
2307
2325
2337
2376
2381
2431
2575
2590
2591
2645
2653
2683
2828
1
129
145
177
227
268
346
414
460
533
1117
1256
1496
1581
1593
1795
1834
2226
2232
2307
2325
2337
2376
2381
2591
2645
2653
2683
2828
104
129
268
1372
2128
2232
2828
70
627
849
1011
1182
1244
1510
1579
1706
1850
2076
2190
2232
2376
2549
2590
2846
1
145
177
310
418
477
495
826
849
876
1117
1834
1871
2005
2043
2185
2232
2234
2290
2325
2376
2558
2628
2645
2683
2766
2801
1
145
177
310
418
477
495
876
1117
1834
2005
2043
2185
2232
2234
2290
2325
2376
2558
2628
2645
2683
2801
70
2190
2232
214
592
620
758
849
1256
1324
1895
1916
2069
2162
2232
2290
2367
2590
2628
2801
214
396
427
849
1324
1587
1721
1895
1947
2232
2277
2341
2367
2431
2900
214
396
427
1324
1587
1721
1947
2232
2277
2341
2367
2900
214
620
1256
1324
1916
2069
2232
2290
2367
2628
2801
139
161
310
453
525
727
830
849
1697
1850
1869
2024
2226
2232
2254
2376
2590
2898
129
177
453
533
758
830
849
1117
1465
1720
1834
2186
2232
2337
2376
2553
2645
2850
129
177
533
1117
1674
1720
1834
2186
2232
2337
2376
2553
2645
2850
310
727
2024
2226
2232
2254
64
151
429
460
716
732
849
1069
1347
1795
1829
1850
2232
2268
2376
2786
2896
129
145
512
589
637
740
764
824
849
909
1063
1117
1457
1465
1762
1834
2043
2232
2325
2337
2360
2376
2575
2645
129
145
512
589
637
740
764
824
1063
1117
1762
1834
2043
2232
2325
2337
2360
2376
2645
151
460
1069
1795
2232
2268
2896
35
418
849
1010
1484
1538
1610
1621
1624
2232
2376
2590
2672
2787
32
336
666
801
849
909
974
1010
1076
1117
1232
1484
1610
1658
1834
1928
2054
2195
2232
2325
2337
2376
2414
2463
2591
2645
2672
2683
2766
2787
32
336
666
801
974
1010
1076
1117
1232
1311
1484
1610
1658
1834
1928
2054
2232
2325
2337
2376
2414
2463
2591
2645
2683
418
1010
1484
1610
1621
2232
2376
126
791
849
1538
1581
1587
1674
1783
1935
2185
2232
2376
2429
2754
2851
2854
88
145
177
179
367
534
791
849
1117
1177
1399
1613
1675
1706
1834
1869
1973
2232
2325
2337
2376
2621
2645
2753
2754
2854
88
145
177
179
367
534
791
1117
1177
1399
1613
1675
1834
1973
2232
2325
2337
2376
2621
2645
2753
2754
2854
791
1581
1587
1674
2185
2232
2429
2754
2854
414
849
1022
1607
1675
1824
1825
2232
2381
2558
126
456
849
1117
1334
1824
1834
2232
2325
2334
2337
2376
2645
456
1117
1334
1824
1834
2232
2325
2334
2337
2376
2645
414
1675
1824
2232
2381
2558
125
290
849
1083
2232
2712
264
356
533
740
849
909
1068
1083
1117
1356
1538
1599
1834
1933
2232
2325
2337
2376
2406
2503
2549
2591
2645
2683
2758
264
356
533
740
1068
1083
1117
1356
1834
1933
2197
2232
2325
2337
2376
2406
2503
2591
2638
2645
2683
2758
125
1083
2232
367
637
666
849
962
1021
1356
2056
2186
2232
2435
116
244
264
336
376
533
573
607
740
849
927
1013
1102
1125
1274
1356
1380
1582
1612
1651
1704
1739
1834
2025
2066
2162
2205
2232
2376
2435
2510
2537
2591
2645
2804
116
244
264
336
376
533
573
607
740
927
1102
1125
1274
1356
1380
1582
1612
1651
1704
1739
1834
2025
2066
2205
2232
2376
2435
2510
2537
2591
2645
2804
367
637
666
1021
1356
2056
2186
2232
2435
177
334
371
376
544
784
824
849
1240
1303
1321
1612
1615
1781
1957
2032
2232
2314
2499
2531
2766
2850
200
228
336
385
533
740
849
876
909
939
1117
1240
1321
1599
1612
1615
1739
1781
1783
1798
1825
1834
1957
2032
2232
2334
2376
2499
2645
2686
2766
4
200
228
336
385
533
740
849
876
939
1117
1240
1311
1321
1612
1615
1739
1781
1798
1834
1957
2032
2232
2334
2376
2419
2499
2645
2686
2709
177
376
824
1240
1303
1311
1321
1612
1615
1781
1957
2032
2197
2232
2499
2709
2766
2850
205
344
356
512
534
570
653
764
849
865
1334
1762
1781
1850
2076
2232
2262
2376
2497
2632
2757
2900
129
252
336
480
570
591
740
764
849
969
1056
1117
1150
1519
1602
1739
1781
1834
1922
1969
2045
2090
2232
2325
2337
2376
2381
2575
2632
2645
2757
2868
129
252
336
480
570
591
740
764
969
1056
1117
1150
1519
1602
1739
1781
1834
1922
2045
2090
2232
2325
2337
2376
2381
2632
2645
2757
2868
356
512
534
570
764
1334
1762
1781
2232
2632
2757
2900
169
436
570
607
727
849
927
1203
1317
1517
1615
1781
1888
2232
2234
2309
2341
2376
2544
2553
2661
2666
129
169
265
336
466
477
533
570
728
740
849
883
892
967
969
1117
1317
1511
1517
1599
1615
1743
1781
1834
1885
1956
1958
2045
2090
2149
2193
2232
2325
2337
2376
2464
2526
2544
2574
2575
2591
2645
2661
2666
2766
2898
129
169
265
336
466
477
533
570
728
740
883
892
967
969
1117
1311
1317
1511
1517
1615
1743
1781
1834
1885
1956
1958
2045
2090
2193
2197
2232
2325
2337
2376
2464
2526
2544
2574
2591
2645
2661
2666
169
570
607
927
1317
1517
1615
1781
2232
2234
2341
2544
2553
2661
2666
88
116
427
456
627
801
849
1164
1177
1255
1399
1511
1613
1615
1781
1783
1910
1980
2232
2463
2474
2549
2590
2608
2855
129
174
264
533
576
709
740
849
876
1070
1117
1164
1177
1255
1599
1615
1739
1781
1834
1851
1888
1963
2232
2309
2325
2337
2355
2376
2439
2474
2591
2608
2645
2683
129
174
264
533
576
709
740
876
1070
1117
1164
1177
1255
1615
1739
1781
1834
1851
1963
2232
2325
2337
2355
2376
2439
2474
2591
2645
2683
88
116
427
456
801
1164
1177
1255
1399
1511
1613
1615
1781
2232
2463
2474
32
43
172
174
199
570
728
738
784
849
1070
1318
1387
1615
1781
1851
1928
2232
2300
2316
2376
2406
2544
2549
2621
2766
2868
129
157
220
336
477
533
570
738
849
875
879
969
1117
1339
1431
1599
1615
1781
1834
1855
2048
2214
2217
2232
2285
2316
2334
2337
2376
2549
2575
2591
2645
2727
2868
129
157
220
336
477
533
570
738
849
875
879
969
1117
1339
1615
1781
1834
1855
2048
2214
2217
2232
2316
2334
2337
2376
2591
2645
2709
2727
2868
32
172
174
570
728
738
1070
1311
1615
1781
1851
1928
2197
2232
2316
2376
2406
2544
2549
2621
2709
2868
4
168
346
361
517
570
627
849
870
1611
1615
1963
2054
2232
2376
2419
2462
2464
2503
2544
2680
2752
63
129
361
570
690
732
849
969
1019
1117
1228
1599
1615
1834
1913
2013
2159
2214
2232
2285
2325
2337
2376
2428
2645
2680
2766
63
129
361
570
690
969
1019
1117
1228
1615
1834
1913
2013
2159
2214
2232
2325
2337
2376
2428
2645
2680
4
346
361
570
1615
1963
2054
2232
2419
2464
2503
2544
2680
2752
13
63
129
244
379
573
627
690
849
1063
1125
1181
1615
1661
1703
1781
1800
1886
1933
1947
2101
2159
2232
2376
2428
2544
2549
2686
199
513
751
777
794
849
909
1069
1088
1181
1364
1615
1661
1712
1781
1834
1886
1951
2101
2232
2325
2369
2376
2645
2873
513
751
777
794
1069
1088
1181
1364
1615
1661
1712
1781
1834
1886
1951
2232
2325
2369
2376
2645
2873
63
129
244
573
690
1063
1125
1181
1615
1661
1781
1800
1886
1933
1947
2159
2232
2428
2544
2686
129
200
207
220
849
939
1004
1357
1577
1772
1781
1826
1879
2232
2420
2510
2544
2848
229
438
849
1004
1031
1117
1343
1357
1695
1709
1781
1834
1910
1933
1935
2008
2232
2241
2325
2376
2379
2591
2645
229
438
1004
1031
1117
1311
1343
1695
1709
1781
1834
1933
2008
2197
2232
2241
2325
2376
2379
2591
2645
2709
129
200
220
939
1004
1781
1879
2232
2510
2544
252
335
458
513
552
563
570
591
720
849
1019
1025
1056
1078
1082
1177
1269
1280
1406
1519
1538
1627
1651
1749
1879
1883
1958
2048
2205
2222
2232
2307
2351
2467
2732
2766
205
224
228
290
336
458
493
570
708
720
741
822
849
902
969
1082
1133
1505
1538
1599
1627
1703
1714
1834
1883
2118
2144
2232
2337
2376
2524
2549
2603
2645
2699
224
228
336
458
493
570
708
720
741
822
849
902
969
1082
1505
1627
1714
1834
1883
2118
2144
2232
2337
2376
2524
2603
2645
2699
252
458
513
570
591
720
1019
1056
1082
1177
1311
1519
1627
1651
1883
1958
2048
2197
2205
2232
2307
2709
128
129
133
438
552
599
630
653
764
784
799
897
906
967
1121
1274
1359
1387
1417
1458
1461
1660
1734
1749
1750
1763
1781
1798
1840
1874
1879
1913
1991
2013
2207
2232
2310
2381
2467
2475
2492
2534
2717
2727
2781
125
128
129
133
245
264
334
336
371
446
517
534
563
568
682
784
799
849
870
886
897
1117
1359
1387
1417
1448
1458
1461
1469
1538
1588
1599
1613
1660
1749
1756
1763
1781
1834
1916
1988
2045
2059
2075
2076
2217
2222
2232
2325
2337
2351
2376
2475
2492
2544
2549
2591
2645
2683
2728
2766
2770
2781
129
245
264
336
393
446
534
568
682
761
845
886
906
1117
1176
1198
1311
1359
1367
1417
1448
1458
1461
1469
1599
1613
1654
1674
1756
1781
1834
1852
1916
1965
1988
2045
2075
2197
2217
2222
2232
2267
2287
2325
2337
2376
2390
2534
2544
2591
2607
2638
2645
2683
2709
2728
2770
2781
128
129
393
438
446
568
630
653
764
799
845
906
967
1274
1359
1367
1417
1458
1734
1781
1798
1840
1852
1874
1879
1913
1991
2013
2207
2232
2381
2390
2467
2534
2717
2727
2781
97
129
133
267
388
428
529
576
709
741
743
784
819
866
875
942
962
990
1024
1045
1104
1173
1236
1253
1299
1387
1523
1592
1597
1615
1679
1749
1763
1781
1837
1879
1885
1938
1956
1973
2019
2075
2181
2182
2232
2246
2310
2354
2355
2467
2472
2492
2524
2540
2574
2654
2657
2662
2731
2745
2766
2838
2883
38
66
123
129
133
145
228
264
267
288
336
409
428
477
501
510
566
600
682
714
738
740
784
876
908
961
962
969
1024
1043
1071
1104
1117
1133
1253
1292
1293
1387
1422
1439
1462
1464
1538
1567
1592
1596
1599
1615
1679
1739
1749
1763
1777
1781
1834
1850
1938
2045
2072
2182
2214
2232
2245
2250
2310
2325
2376
2439
2467
2492
2534
2549
2588
2591
2645
2662
2683
2691
2712
2731
2766
2800
2838
2875
66
109
129
145
228
243
264
267
272
336
477
480
501
510
566
682
703
738
740
845
876
908
961
969
1024
1043
1071
1117
1133
1198
1292
1293
1342
1367
1386
1403
1422
1474
1567
1596
1599
1615
1739
1749
1781
1834
1852
1874
1938
2045
2072
2214
2232
2250
2252
2325
2376
2390
2439
2467
2534
2588
2591
2638
2645
2683
2712
2766
2875
38
123
129
267
288
388
576
600
709
714
741
743
845
875
962
1024
1045
1198
1253
1311
1367
1439
1464
1523
1596
1615
1781
1852
1879
1885
1956
1973
2075
2232
2245
2287
2354
2355
2390
2467
2472
2524
2534
2540
2574
2654
2657
2691
2731
2745
2800
156
182
226
304
315
340
341
358
392
478
499
501
526
563
566
602
686
698
713
739
751
784
837
910
1003
1012
1022
1028
1042
1043
1088
1130
1184
1208
1265
1277
1293
1328
1365
1378
1396
1419
1421
1438
1440
1468
1470
1479
1501
1529
1558
1614
1615
1653
1678
1679
1692
1714
1716
1723
1749
1758
1763
1863
1874
1879
1898
2000
2088
2192
2193
2232
2233
2241
2250
2285
2303
2350
2426
2436
2476
2492
2555
2602
2617
2662
2665
2728
2730
2742
2766
2770
2797
2844
2856
2859
2868
8
16
48
52
53
99
122
129
136
145
153
159
177
184
235
253
264
277
315
324
336
341
358
394
395
449
468
477
478
491
500
508
511
547
566
574
579
588
593
606
627
668
670
682
698
699
705
717
740
744
747
768
784
848
876
894
904
905
929
969
1028
1040
1042
1045
1064
1071
1092
1130
1133
1138
1183
1201
1234
1237
1245
1251
1258
1262
1265
1266
1277
1283
1284
1292
1295
1302
1322
1334
1362
1365
1374
1387
1393
1409
1438
1471
1501
1510
1524
1529
1532
1558
1580
1591
1599
1614
1615
1653
1678
1684
1692
1707
1719
1723
1739
1745
1749
1763
1764
1830
1834
1861
1877
1982
2057
2069
2100
2112
2176
2189
2232
2256
2272
2285
2303
2310
2325
2334
2350
2376
2422
2426
2436
2446
2449
2457
2467
2476
2482
2484
2492
2520
2527
2545
2555
2562
2576
2591
2594
2595
2617
2630
2645
2662
2665
2682
2683
2704
2729
2734
2742
2766
2797
2819
2860
2880
2902
8
16
48
52
53
122
129
145
153
159
177
184
235
253
264
277
315
324
336
394
395
468
477
478
491
500
508
511
547
566
574
579
588
593
606
627
668
682
686
699
705
740
744
747
768
770
848
876
894
904
905
925
929
969
1038
1040
1042
1064
1071
1092
1110
1138
1183
1198
1201
1237
1245
1251
1258
1262
1265
1266
1277
1283
1284
1292
1295
1311
1322
1334
1362
1367
1374
1378
1384
1393
1409
1471
1501
1524
1529
1532
1558
1580
1591
1614
1615
1653
1678
1684
1707
1719
1723
1739
1745
1749
1764
1830
1834
1861
1877
1967
1982
2057
2069
2100
2112
2176
2189
2197
2232
2256
2267
2272
2285
2298
2303
2325
2334
2365
2376
2402
2422
2426
2446
2449
2457
2482
2484
2520
2527
2545
2555
2576
2591
2594
2595
2617
2630
2645
2682
2683
2706
2729
2734
2742
2797
2819
2860
2880
2902
52
99
136
315
407
449
478
480
499
501
566
670
686
713
717
751
761
842
848
894
922
925
1042
1043
1088
1198
1265
1277
1293
1311
1367
1378
1419
1468
1470
1501
1529
1532
1558
1614
1615
1653
1678
1707
1714
1723
1764
1830
1874
1965
2000
2083
2112
2193
2197
2232
2241
2250
2285
2303
2426
2555
2562
2602
2607
2617
2665
2682
2709
2728
2730
2734
2742
2770
2797
2868
2878
2902
53
76
129
138
154
209
220
246
257
278
313
333
358
382
402
443
464
505
534
562
570
574
604
627
638
656
659
684
772
777
778
784
785
884
895
934
948
954
975
1114
1129
1183
1223
1246
1298
1341
1371
1387
1447
1471
1545
1555
1559
1563
1570
1679
1682
1699
1707
1716
1717
1725
1747
1749
1763
1803
1811
1820
1822
1879
1919
1934
1959
1964
1966
1971
1988
2027
2074
2154
2169
2232
2270
2279
2296
2301
2361
2365
2382
2405
2417
2446
2456
2469
2492
2496
2498
2544
2557
2567
2568
2594
2623
2631
2689
2707
2730
2738
2748
2756
2795
2835
2856
2875
2877
2889
21
76
96
112
129
138
145
177
220
246
261
264
278
313
333
343
358
370
392
402
407
417
422
455
462
464
490
505
531
535
562
570
595
604
627
638
656
667
670
684
691
705
706
752
784
787
789
804
821
842
848
874
894
895
922
934
937
969
975
983
996
1114
1117
1129
1133
1234
1268
1285
1302
1326
1341
1371
1394
1397
1413
1416
1442
1499
1520
1532
1545
1563
1570
1599
1682
1690
1691
1699
1725
1730
1739
1747
1749
1763
1764
1799
1803
1811
1820
1822
1832
1834
1863
1867
1875
1936
1939
1959
1964
1971
1996
2000
2004
2008
2027
2074
2083
2084
2093
2112
2119
2154
2169
2232
2265
2267
2270
2279
2296
2299
2301
2304
2325
2335
2361
2373
2376
2405
2417
2426
2456
2469
2492
2498
2530
2557
2562
2567
2568
2579
2591
2611
2623
2624
2627
2629
2645
2670
2682
2683
2689
2730
2734
2744
2763
2795
2802
2814
2840
2870
2878
2902
21
76
94
112
129
138
145
177
220
246
261
264
278
333
343
370
402
417
422
455
462
464
490
505
531
535
562
570
595
604
627
656
659
667
677
691
705
706
752
787
789
804
821
845
848
874
894
937
969
975
983
996
1114
1117
1129
1212
1234
1268
1285
1326
1341
1403
1413
1416
1442
1474
1499
1520
1532
1545
1563
1570
1682
1690
1691
1699
1725
1730
1739
1749
1764
1799
1803
1811
1820
1822
1832
1834
1875
1936
1939
1959
1964
1971
1996
2000
2008
2027
2074
2084
2093
2112
2119
2169
2232
2265
2267
2270
2279
2296
2299
2301
2304
2325
2361
2373
2376
2402
2417
2426
2456
2469
2530
2557
2567
2568
2579
2591
2623
2624
2627
2629
2645
2682
2683
2734
2744
2763
2814
2840
2870
2902
53
76
109
129
138
220
243
246
257
278
313
333
370
402
464
505
534
562
570
574
604
656
684
777
975
1114
1129
1183
1223
1341
1416
1471
1545
1563
1567
1570
1682
1699
1717
1725
1803
1811
1820
1822
1959
1964
1971
1988
2027
2074
2169
2197
2232
2270
2279
2296
2298
2301
2361
2365
2402
2417
2446
2456
2469
2498
2544
2557
2567
2568
2594
2623
2707
2835
2875
26
94
219
306
318
364
366
502
506
613
677
704
782
821
848
886
890
894
919
928
985
996
1061
1109
1119
1339
1344
1346
1376
1469
1486
1505
1532
1539
1561
1622
1648
1716
1749
1764
1782
1799
1879
2000
2006
2015
2102
2112
2118
2228
2230
2232
2252
2324
2346
2358
2402
2410
2498
2526
2603
2682
2724
2734
2873
2887
2902
26
60
90
96
130
137
149
150
209
219
260
264
270
271
318
366
411
416
436
441
486
502
506
507
614
615
696
698
718
738
743
782
850
882
890
895
919
943
969
979
994
1003
1007
1008
1009
1041
1053
1061
1081
1089
1109
1117
1119
1120
1157
1163
1209
1233
1234
1239
1241
1254
1329
1333
1344
1346
1376
1411
1466
1486
1508
1539
1561
1565
1622
1648
1663
1679
1707
1713
1715
1748
1749
1758
1781
1782
1785
1834
1860
1863
1866
1867
1872
1873
1889
1902
1929
1998
2006
2010
2077
2095
2114
2200
2208
2210
2225
2228
2231
2232
2325
2328
2358
2372
2376
2385
2394
2460
2498
2511
2550
2571
2585
2616
2622
2643
2645
2715
2724
2730
2748
2778
2847
2887
2892
60
90
109
130
137
149
150
260
264
270
271
318
363
366
368
411
416
441
485
486
502
507
614
615
659
696
718
738
782
796
850
882
919
928
943
969
979
994
1007
1008
1009
1041
1053
1081
1089
1109
1120
1157
1163
1198
1209
1239
1241
1254
1311
1329
1333
1344
1376
1411
1466
1508
1539
1561
1565
1622
1663
1713
1715
1748
1766
1781
1782
1785
1834
1860
1866
1872
1873
1889
1902
1929
1965
1998
2006
2010
2077
2095
2114
2197
2200
2208
2210
2225
2230
2231
2232
2240
2278
2297
2298
2325
2328
2358
2372
2376
2385
2394
2460
2511
2550
2571
2585
2607
2616
2622
2643
2645
2709
2715
2724
2778
2847
2887
2892
26
94
318
364
366
502
677
704
706
782
821
845
848
886
890
894
919
928
983
996
1109
1119
1254
1268
1339
1344
1376
1469
1505
1532
1539
1561
1622
1648
1716
1749
1764
1781
1782
1799
1879
2000
2006
2112
2118
2228
2230
2232
2252
2358
2402
2426
2526
2603
2682
2724
2734
2873
2887
2902
19
38
46
99
165
191
220
270
271
288
318
352
358
368
407
481
535
539
550
570
610
638
646
654
693
696
784
795
819
838
842
922
943
952
956
994
1089
1128
1170
1197
1225
1239
1247
1307
1310
1331
1344
1352
1411
1439
1464
1466
1478
1487
1491
1565
1632
1749
1763
1785
1786
1866
1880
1889
2010
2018
2021
2030
2083
2232
2240
2271
2278
2299
2308
2330
2358
2372
2377
2405
2414
2443
2492
2498
2509
2538
2597
2627
2629
2658
2670
2689
2800
2870
2878
2888
19
29
38
39
65
71
82
91
92
96
99
107
109
117
140
152
180
189
192
220
232
285
288
307
318
323
325
328
352
400
407
415
481
519
539
540
543
570
575
587
605
621
626
627
646
654
693
711
715
719
772
811
820
832
838
842
861
884
888
922
932
945
951
956
966
968
983
1026
1051
1074
1089
1093
1123
1142
1163
1179
1195
1197
1247
1260
1307
1310
1327
1331
1352
1379
1412
1439
1445
1447
1463
1464
1476
1491
1493
1513
1514
1523
1589
1647
1665
1681
1683
1701
1724
1739
1749
1759
1760
1786
1827
1834
1836
1850
1867
1872
1880
1909
1911
1919
1930
1944
1948
1989
1995
2031
2060
2083
2097
2151
2163
2220
2222
2224
2232
2237
2251
2271
2276
2320
2324
2325
2358
2370
2377
2389
2397
2400
2443
2452
2498
2505
2536
2538
2561
2577
2597
2599
2645
2652
2658
2670
2685
2722
2785
2800
2810
2842
2870
2871
2878
2888
29
39
65
71
82
91
92
109
117
140
152
180
189
192
220
232
241
243
285
307
318
323
325
328
352
397
400
421
481
519
540
543
570
575
587
605
621
626
627
711
715
719
761
811
820
832
861
888
932
945
951
956
966
968
983
1026
1051
1074
1089
1093
1123
1129
1142
1163
1179
1195
1198
1247
1260
1327
1379
1412
1445
1463
1476
1491
1493
1513
1514
1589
1647
1665
1681
1683
1701
1724
1739
1759
1760
1827
1834
1836
1872
1880
1909
1911
1930
1944
1948
1965
1989
1995
2031
2034
2060
2097
2151
2163
2220
2224
2232
2237
2251
2271
2276
2298
2320
2325
2358
2370
2389
2397
2400
2407
2452
2505
2536
2561
2577
2599
2645
2652
2658
2685
2709
2722
2785
2810
2842
2870
2871
220
270
271
318
352
368
407
481
535
570
638
654
696
804
943
956
994
1069
1089
1128
1198
1225
1239
1247
1307
1310
1344
1352
1379
1411
1445
1466
1478
1491
1499
1565
1632
1749
1785
1866
1880
1889
1930
1933
1965
2010
2034
2197
2232
2240
2271
2278
2297
2299
2358
2372
2389
2414
2443
2627
2629
2658
2670
2699
2763
2870
2878
2892
58
59
66
122
135
146
152
192
193
220
250
253
292
297
309
318
349
358
365
370
371
400
415
434
474
491
508
516
520
521
537
545
569
594
597
638
643
678
752
784
789
792
815
862
864
869
913
930
950
968
977
983
991
1000
1008
1084
1086
1087
1092
1107
1139
1162
1166
1170
1178
1184
1207
1266
1287
1338
1375
1387
1448
1485
1490
1491
1513
1591
1596
1629
1638
1650
1749
1753
1763
1779
1796
1799
1859
1864
1875
1926
1940
2006
2057
2080
2119
2151
2175
2198
2227
2231
2232
2272
2333
2348
2392
2405
2434
2471
2492
2498
2520
2532
2534
2570
2663
2689
2746
2775
2812
2860
2881
2882
42
46
69
85
98
135
141
147
158
177
186
193
198
202
209
220
223
226
240
250
256
258
297
309
312
318
330
336
337
349
357
358
359
360
364
365
370
374
375
415
426
440
457
465
474
487
515
521
523
537
545
560
569
578
585
586
590
594
597
602
605
612
627
638
643
644
651
655
678
702
704
733
740
759
774
784
789
810
812
815
833
834
846
857
860
862
864
869
898
900
911
913
914
947
950
953
955
969
991
1002
1032
1039
1067
1077
1087
1089
1094
1097
1098
1101
1103
1107
1111
1124
1137
1139
1140
1152
1155
1162
1170
1178
1207
1214
1235
1261
1274
1278
1287
1291
1309
1325
1330
1338
1368
1375
1385
1394
1420
1435
1440
1485
1490
1491
1495
1525
1526
1565
1574
1583
1588
1596
1599
1600
1638
1640
1676
1705
1726
1728
1739
1749
1763
1779
1793
1796
1799
1801
1833
1834
1841
1842
1848
1864
1867
1891
1900
1918
1924
1940
1952
1953
1968
1972
2006
2016
2026
2030
2037
2052
2080
2089
2092
2109
2124
2135
2175
2194
2198
2211
2227
2232
2247
2260
2267
2275
2293
2306
2313
2325
2330
2333
2340
2348
2362
2376
2387
2392
2405
2418
2423
2425
2454
2461
2471
2490
2492
2498
2532
2534
2546
2575
2587
2591
2592
2596
2598
2615
2620
2645
2670
2678
2683
2689
2746
2773
2775
2784
2802
2812
2864
2881
2882
2894
2903
42
69
85
98
109
135
141
147
158
177
186
193
198
202
220
223
240
250
256
258
297
309
312
318
330
336
337
349
357
359
360
365
370
374
375
415
426
440
457
465
474
487
515
521
523
537
560
578
585
586
590
597
605
612
627
643
644
651
655
702
733
740
759
774
789
810
811
812
815
833
834
846
857
860
869
898
900
911
914
947
950
953
955
969
1002
1032
1039
1059
1067
1077
1087
1089
1094
1097
1098
1101
1103
1107
1111
1115
1124
1137
1139
1140
1152
1155
1162
1214
1235
1261
1274
1278
1291
1309
1325
1330
1338
1368
1385
1394
1403
1420
1435
1485
1490
1491
1495
1525
1526
1551
1553
1565
1574
1583
1596
1600
1616
1640
1644
1676
1705
1724
1726
1728
1739
1757
1779
1793
1799
1801
1833
1834
1841
1842
1848
1864
1891
1900
1918
1924
1940
1952
1953
1965
1968
1972
2006
2016
2026
2034
2037
2052
2080
2089
2092
2109
2124
2135
2175
2194
2197
2198
2211
2232
2247
2260
2275
2293
2306
2313
2325
2333
2340
2348
2362
2376
2387
2392
2418
2423
2425
2448
2454
2461
2471
2485
2490
2498
2532
2534
2546
2587
2591
2592
2596
2598
2615
2620
2645
2670
2678
2683
2743
2746
2773
2784
2864
2881
2894
2903
66
122
135
152
192
193
220
250
253
297
309
318
349
365
370
400
415
474
491
508
521
537
545
597
643
752
789
815
869
950
968
983
1008
1087
1092
1107
1115
1139
1162
1198
1207
1266
1311
1338
1375
1448
1485
1490
1491
1513
1553
1591
1596
1616
1757
1779
1796
1799
1864
1875
1940
1965
1995
2006
2057
2080
2119
2151
2175
2197
2198
2231
2232
2272
2333
2348
2392
2448
2471
2485
2498
2520
2532
2534
2598
2743
2746
2812
2860
2881
18
20
28
76
103
118
196
224
242
279
292
341
365
378
415
469
487
493
497
510
515
527
535
542
585
597
604
643
656
702
712
733
746
797
808
823
895
900
921
969
979
1002
1017
1035
1055
1089
1131
1155
1170
1185
1213
1249
1257
1288
1335
1392
1403
1410
1456
1467
1473
1474
1491
1498
1565
1596
1608
1613
1666
1749
1774
1785
1787
1815
1817
1838
1866
1869
1882
1900
1924
1932
1949
1970
2030
2065
2099
2105
2123
2145
2172
2218
2232
2247
2274
2291
2308
2333
2348
2350
2357
2373
2398
2411
2444
2461
2498
2534
2546
2577
2591
2610
2623
2695
2700
2702
2806
2831
2871
1
76
80
114
118
176
177
188
196
204
210
216
220
223
242
279
298
329
336
341
347
348
365
387
403
415
425
430
452
469
477
497
498
509
527
542
549
556
561
604
616
622
627
641
643
656
682
687
700
736
746
766
776
784
790
797
808
921
933
936
969
981
984
1017
1029
1069
1132
1167
1183
1192
1213
1231
1234
1238
1276
1284
1288
1292
1302
1303
1335
1377
1392
1410
1425
1467
1473
1491
1498
1506
1515
1530
1534
1560
1584
1596
1599
1608
1609
1620
1632
1666
1688
1708
1739
1749
1753
1774
1815
1817
1834
1837
1838
1845
1853
1867
1882
1894
1901
1919
1923
1933
1943
1949
1990
1993
1999
2006
2011
2062
2072
2105
2115
2123
2141
2145
2152
2172
2179
2201
2206
2214
2218
2232
2258
2274
2281
2305
2319
2325
2327
2333
2350
2352
2357
2376
2380
2383
2387
2388
2411
2488
2498
2534
2542
2543
2575
2584
2591
2610
2623
2645
2655
2687
2695
2700
2702
2720
2740
2765
2767
2782
2790
2798
2806
2831
2836
2857
2865
2874
1
76
80
114
118
176
177
188
204
210
216
220
223
242
279
298
329
336
347
348
365
387
403
415
430
452
469
477
497
498
509
542
549
556
561
604
616
622
627
641
643
656
682
687
700
736
766
776
790
797
808
921
933
936
969
981
984
1017
1029
1069
1132
1167
1183
1192
1213
1231
1276
1284
1292
1303
1377
1425
1467
1473
1491
1498
1506
1515
1530
1534
1560
1584
1596
1608
1609
1620
1688
1708
1739
1749
1834
1838
1845
1853
1894
1901
1923
1933
1943
1949
1990
1993
1999
2006
2011
2062
2072
2115
2123
2141
2152
2172
2179
2201
2206
2214
2232
2258
2274
2281
2305
2319
2325
2327
2333
2352
2376
2380
2383
2387
2388
2411
2488
2498
2534
2542
2543
2584
2591
2610
2623
2645
2655
2687
2695
2700
2720
2740
2765
2767
2782
2790
2798
2806
2831
2836
2857
2865
2874
76
118
224
241
242
365
397
415
469
487
493
497
510
515
535
542
585
597
604
643
656
702
733
797
808
900
921
969
979
1002
1017
1059
1089
1155
1198
1213
1335
1403
1467
1473
1474
1491
1498
1565
1596
1608
1613
1785
1838
1866
1900
1924
1949
2006
2034
2123
2172
2218
2232
2247
2274
2333
2348
2373
2411
2461
2534
2546
2577
2591
2607
2610
2623
2695
2700
2806
2831
2871
2874
56
131
142
144
162
189
204
206
211
229
274
283
332
347
348
362
405
442
452
482
549
559
561
601
657
687
766
780
787
790
813
818
831
936
970
984
985
999
1015
1037
1048
1161
1183
1196
1200
1215
1228
1263
1264
1285
1297
1326
1334
1363
1368
1398
1415
1425
1442
1480
1491
1512
1520
1522
1537
1549
1584
1609
1636
1641
1667
1669
1679
1719
1740
1741
1749
1770
1812
1847
1853
1857
1893
1894
1901
1916
1917
1923
2006
2068
2081
2084
2092
2108
2121
2151
2157
2165
2177
2201
2232
2249
2253
2257
2265
2281
2284
2344
2352
2358
2364
2375
2378
2423
2433
2434
2459
2480
2488
2498
2512
2513
2535
2542
2565
2588
2600
2687
2714
2767
2773
2782
2789
2836
18
25
28
46
47
55
56
108
131
144
162
195
203
206
211
212
234
262
274
283
314
332
347
362
383
405
433
434
442
451
473
482
528
559
596
601
604
629
633
652
657
676
687
755
780
802
813
818
831
843
853
867
868
891
915
926
971
977
999
1001
1005
1015
1035
1036
1046
1048
1072
1086
1112
1116
1148
1169
1171
1183
1187
1191
1196
1215
1234
1264
1281
1286
1290
1297
1301
1302
1305
1363
1398
1401
1450
1482
1491
1492
1512
1522
1533
1541
1549
1550
1575
1635
1641
1667
1669
1727
1733
1735
1736
1739
1740
1749
1755
1765
1770
1799
1808
1816
1847
1850
1857
1897
1913
1917
1923
1925
1941
1950
1981
1997
2006
2019
2039
2048
2053
2068
2075
2081
2087
2102
2108
2121
2138
2150
2151
2165
2168
2170
2198
2232
2249
2257
2311
2315
2329
2349
2358
2375
2398
2412
2433
2438
2450
2478
2480
2488
2498
2512
2513
2519
2535
2541
2542
2553
2600
2604
2625
2635
2669
2670
2725
2737
2769
2774
2776
2777
2782
2789
2792
2796
2802
2862
2881
2885
25
47
55
56
108
131
144
162
195
203
211
212
234
262
274
314
347
362
383
405
433
451
473
482
528
559
596
601
604
629
633
652
676
687
755
802
813
818
831
843
853
867
868
891
915
926
971
1001
1005
1015
1036
1046
1048
1072
1112
1116
1148
1169
1171
1183
1187
1191
1234
1264
1281
1286
1290
1297
1301
1305
1398
1401
1450
1482
1491
1492
1522
1533
1541
1549
1550
1575
1635
1641
1727
1733
1735
1736
1739
1740
1755
1765
1799
1808
1816
1847
1897
1913
1923
1925
1941
1950
1981
1997
2006
2039
2048
2053
2068
2075
2081
2087
2121
2138
2150
2151
2168
2170
2198
2232
2249
2257
2315
2329
2349
2358
2375
2412
2438
2450
2478
2480
2488
2498
2519
2541
2542
2553
2600
2604
2625
2635
2669
2670
2725
2737
2769
2774
2776
2777
2782
2792
2796
2802
2862
2881
2885
56
109
131
144
162
189
204
211
229
274
347
348
362
405
452
482
549
559
561
601
687
766
787
790
813
818
831
936
984
1015
1048
1183
1215
1228
1264
1285
1297
1326
1334
1368
1398
1425
1442
1491
1520
1522
1549
1584
1609
1641
1719
1740
1847
1853
1894
1901
1916
1923
2006
2068
2081
2084
2092
2121
2151
2201
2232
2249
2257
2265
2281
2352
2358
2375
2423
2480
2488
2542
2588
2600
2687
2767
2773
2782
2836
30
40
51
68
73
114
167
171
183
188
195
201
212
217
220
225
238
239
243
271
275
311
318
347
351
384
387
412
415
433
444
447
451
503
518
546
548
587
604
625
627
629
633
667
673
676
681
687
736
755
783
802
825
859
895
915
926
943
952
963
979
1036
1037
1060
1072
1090
1112
1116
1122
1127
1170
1183
1192
1218
1259
1281
1282
1354
1370
1381
1388
1412
1424
1441
1446
1450
1460
1481
1494
1516
1541
1557
1585
1595
1635
1636
1644
1645
1652
1674
1679
1696
1718
1727
1729
1730
1731
1736
1749
1768
1808
1816
1831
1850
1867
1869
1879
1893
1915
1922
1923
1925
1933
1937
1939
1941
1962
1974
1979
1982
1983
1984
2009
2030
2040
2042
2068
2075
2078
2087
2091
2115
2116
2160
2167
2168
2173
2177
2198
2199
2204
2232
2236
2315
2343
2349
2358
2359
2376
2393
2409
2412
2477
2478
2488
2498
2515
2522
2534
2541
2542
2552
2559
2572
2583
2609
2622
2635
2640
2647
2649
2650
2669
2674
2693
2718
2719
2723
2725
2739
2766
2769
2774
2777
2779
2780
2782
2794
2796
2811
2819
2852
2856
2857
2862
2881
5
9
30
36
38
40
51
68
72
73
81
89
95
99
113
142
143
145
167
173
183
195
200
201
217
220
223
225
239
255
264
301
311
318
336
350
351
353
355
370
381
391
412
413
415
437
447
476
503
518
532
539
548
565
583
584
613
617
624
627
628
632
660
665
680
681
682
779
793
807
825
858
859
873
877
880
887
916
917
924
935
939
963
969
1014
1058
1060
1073
1075
1086
1113
1117
1127
1149
1206
1222
1234
1238
1243
1270
1282
1314
1336
1340
1351
1354
1370
1381
1383
1387
1391
1418
1439
1441
1446
1480
1481
1488
1494
1507
1557
1572
1588
1595
1599
1619
1625
1636
1638
1639
1669
1672
1696
1698
1729
1731
1741
1749
1766
1768
1812
1821
1834
1839
1850
1856
1893
1915
1927
1937
1960
1962
1974
1979
1983
1984
1992
2002
2009
2023
2029
2033
2040
2042
2065
2068
2072
2091
2113
2116
2132
2146
2160
2167
2180
2196
2209
2232
2236
2253
2255
2266
2284
2312
2325
2326
2343
2347
2358
2363
2364
2373
2376
2387
2393
2409
2439
2473
2477
2487
2498
2500
2515
2522
2534
2552
2559
2564
2565
2575
2602
2609
2640
2642
2645
2647
2649
2667
2674
2701
2711
2718
2723
2747
2759
2766
2793
2800
2820
2830
2833
2852
2861
2886
2897
2901
5
9
30
36
40
68
72
73
81
89
95
113
143
145
167
173
183
195
200
217
220
223
255
264
301
318
336
350
351
353
355
370
381
391
412
413
415
437
447
476
503
518
532
565
583
584
617
624
627
628
632
660
665
680
681
682
779
793
807
825
858
859
863
873
877
880
887
916
917
924
935
939
963
969
1014
1058
1060
1073
1075
1113
1117
1127
1149
1206
1222
1230
1243
1270
1314
1336
1340
1351
1354
1370
1383
1391
1418
1441
1446
1481
1488
1494
1507
1557
1572
1595
1619
1625
1636
1638
1639
1696
1698
1731
1749
1766
1768
1821
1834
1839
1856
1915
1927
1937
1960
1979
1983
1984
1992
2002
2023
2029
2033
2040
2042
2068
2072
2091
2113
2116
2132
2146
2160
2167
2180
2196
2209
2232
2236
2255
2266
2284
2312
2325
2326
2343
2347
2358
2363
2376
2387
2393
2439
2473
2477
2487
2498
2500
2515
2522
2534
2552
2559
2564
2602
2609
2640
2642
2645
2647
2649
2667
2674
2701
2711
2718
2723
2747
2759
2766
2793
2820
2830
2833
2852
2861
2886
2897
2901
30
38
40
68
73
99
109
114
167
171
183
188
195
212
217
220
225
243
258
271
288
312
318
347
351
387
407
412
415
433
440
447
451
503
509
518
539
587
604
612
629
633
654
655
667
676
681
687
736
755
761
802
825
842
859
867
915
922
926
943
947
963
979
1036
1060
1067
1072
1074
1097
1112
1116
1129
1183
1192
1281
1354
1370
1374
1412
1439
1441
1446
1450
1464
1481
1494
1508
1541
1557
1583
1595
1635
1644
1674
1696
1705
1727
1730
1731
1733
1736
1768
1808
1816
1915
1922
1923
1925
1933
1937
1939
1941
1965
1967
1968
1982
1983
1984
2016
2040
2042
2068
2075
2083
2087
2091
2109
2115
2116
2160
2167
2168
2196
2198
2232
2236
2315
2343
2349
2358
2393
2412
2454
2477
2478
2488
2515
2522
2534
2541
2542
2552
2559
2592
2622
2635
2640
2647
2649
2669
2674
2709
2718
2723
2725
2769
2774
2777
2782
2796
2800
2819
2852
2857
2862
2878
2881
23
50
68
84
109
163
173
216
234
338
350
391
399
413
417
423
432
462
467
488
490
511
531
554
565
583
584
618
627
628
642
657
665
692
718
779
807
827
854
887
891
911
923
987
1036
1047
1066
1095
1113
1167
1217
1226
1243
1259
1273
1283
1296
1340
1451
1503
1506
1507
1542
1552
1556
1615
1619
1638
1680
1691
1698
1749
1787
1789
1813
1821
1846
1920
1921
1954
1960
1972
1977
1984
1992
2028
2038
2048
2063
2067
2069
2146
2161
2180
2209
2210
2212
2216
2219
2232
2255
2261
2266
2321
2322
2338
2358
2399
2413
2438
2514
2517
2523
2534
2564
2581
2644
2733
2759
2791
2830
2833
2890
2891
2901
1
18
23
57
84
125
139
146
190
288
301
303
322
336
338
390
399
407
410
423
432
467
475
488
489
546
554
618
623
625
629
642
654
675
723
755
762
800
807
827
829
841
842
922
958
969
997
1035
1047
1066
1106
1117
1147
1155
1161
1168
1204
1206
1217
1226
1250
1259
1267
1272
1273
1296
1300
1316
1348
1388
1395
1402
1404
1405
1408
1437
1451
1453
1464
1478
1479
1480
1487
1503
1519
1537
1552
1556
1585
1599
1615
1626
1631
1635
1659
1662
1664
1672
1680
1702
1710
1718
1725
1736
1749
1752
1773
1789
1792
1809
1816
1823
1831
1834
1850
1854
1867
1892
1908
1920
1921
1937
1954
1955
1970
1976
1977
1984
2007
2017
2038
2046
2050
2051
2065
2067
2071
2072
2078
2083
2086
2098
2116
2129
2143
2157
2161
2178
2199
2204
2212
2213
2216
2219
2226
2232
2244
2261
2321
2322
2325
2338
2349
2358
2359
2376
2387
2391
2399
2413
2430
2465
2470
2507
2514
2523
2528
2534
2551
2554
2572
2579
2581
2593
2601
2612
2634
2659
2668
2676
2693
2694
2708
2733
2780
2791
2794
2878
2890
2891
1
23
57
190
301
303
322
336
338
390
399
410
432
475
488
489
554
623
629
642
675
723
755
762
800
807
827
829
841
958
969
997
1047
1106
1117
1147
1155
1168
1204
1206
1217
1250
1267
1272
1273
1296
1300
1316
1348
1395
1402
1404
1405
1408
1437
1451
1453
1503
1519
1552
1615
1626
1631
1635
1659
1662
1664
1702
1710
1725
1736
1752
1773
1792
1809
1816
1823
1834
1854
1892
1908
1955
1976
1977
1984
2007
2017
2038
2046
2050
2051
2071
2072
2086
2098
2116
2129
2143
2161
2178
2212
2213
2219
2226
2232
2244
2321
2322
2325
2349
2358
2376
2387
2391
2399
2413
2430
2465
2470
2507
2514
2523
2528
2534
2551
2554
2579
2581
2593
2601
2612
2634
2659
2668
2676
2694
2708
2733
2791
2890
2891
23
68
109
173
216
234
338
350
391
399
413
417
423
432
462
488
490
511
531
554
565
583
584
618
628
642
665
718
779
807
827
887
891
911
1036
1047
1113
1167
1217
1243
1273
1283
1296
1340
1451
1503
1506
1507
1552
1615
1619
1691
1698
1821
1960
1972
1977
1984
1992
2038
2048
2069
2146
2161
2180
2209
2210
2212
2219
2232
2255
2266
2321
2322
2358
2399
2413
2438
2514
2523
2534
2564
2581
2733
2759
2791
2830
2833
2890
2891
2901
17
84
86
113
286
301
303
322
326
345
370
450
467
476
484
517
522
606
629
645
723
742
755
807
848
874
944
986
989
998
1006
1016
1018
1026
1041
1066
1106
1155
1204
1226
1250
1259
1281
1330
1353
1404
1408
1437
1450
1477
1485
1536
1556
1571
1635
1663
1683
1725
1736
1745
1749
1789
1807
1814
1816
1856
1892
1906
1908
1920
1921
1945
1961
1976
2007
2017
2023
2033
2046
2067
2098
2116
2216
2232
2238
2261
2275
2292
2349
2358
2430
2440
2470
2589
2618
2634
2642
2668
2673
2694
2715
2740
2758
2808
2845
2881
2894
2904
10
22
37
41
49
84
86
87
100
125
286
296
308
319
326
370
373
398
450
454
467
471
479
484
496
517
526
594
620
631
645
671
707
721
726
765
771
792
852
854
871
893
894
960
964
972
978
986
998
1006
1016
1018
1033
1034
1050
1066
1090
1126
1145
1156
1163
1172
1226
1227
1279
1281
1315
1345
1369
1371
1407
1433
1449
1450
1455
1477
1485
1502
1507
1518
1532
1536
1554
1556
1598
1599
1606
1628
1636
1657
1689
1707
1722
1749
1764
1767
1771
1778
1789
1790
1806
1814
1868
1870
1878
1903
1906
1920
1921
1961
2000
2012
2022
2023
2063
2067
2104
2111
2112
2125
2148
2188
2216
2223
2232
2239
2261
2263
2280
2284
2325
2342
2358
2368
2376
2387
2408
2441
2442
2455
2481
2502
2517
2541
2560
2569
2589
2613
2618
2619
2639
2641
2645
2677
2682
2716
2734
2741
2760
2761
2809
2815
2821
2824
2829
2832
2843
2867
2881
2895
2902
2904
10
22
37
41
49
87
100
296
308
319
326
370
373
398
450
454
471
479
484
496
620
631
671
707
721
726
765
771
852
871
893
894
960
964
972
978
986
1033
1034
1050
1126
1145
1156
1172
1227
1279
1281
1315
1345
1369
1407
1433
1449
1450
1455
1485
1502
1507
1518
1532
1536
1554
1598
1606
1628
1657
1689
1707
1722
1764
1767
1771
1778
1790
1806
1814
1868
1870
1878
1903
2000
2012
2022
2023
2104
2111
2112
2125
2148
2188
2223
2232
2239
2263
2280
2284
2325
2342
2358
2368
2376
2408
2441
2442
2455
2481
2502
2541
2560
2569
2613
2619
2639
2641
2645
2677
2682
2716
2734
2741
2760
2761
2809
2815
2821
2824
2829
2832
2843
2867
2881
2895
2902
2904
113
301
303
322
326
370
450
476
484
606
629
723
755
807
874
986
1026
1041
1106
1155
1204
1250
1281
1330
1404
1408
1437
1450
1485
1536
1635
1663
1683
1725
1736
1745
1814
1816
1856
1892
1908
1976
2007
2017
2023
2033
2046
2098
2116
2232
2275
2349
2358
2430
2470
2634
2642
2668
2694
2715
2740
2758
2881
2894
2904
37
93
105
106
134
149
245
249
289
316
318
319
354
370
373
454
652
672
959
990
1023
1027
1052
1151
1168
1229
1259
1279
1281
1315
1319
1349
1361
1369
1414
1443
1450
1507
1554
1601
1742
1749
1769
1887
1903
1919
1920
1927
1948
1997
2022
2023
2051
2061
2122
2140
2153
2232
2238
2242
2284
2304
2312
2317
2358
2366
2445
2458
2465
2481
2533
2541
2563
2567
2641
2643
2692
2697
2751
2807
2809
2815
2816
2821
2827
2867
2886
2895
31
44
67
78
93
105
106
110
213
223
263
266
269
276
316
318
345
431
435
454
577
581
608
689
750
757
783
804
806
931
957
988
1023
1026
1027
1037
1052
1090
1109
1151
1153
1163
1199
1202
1210
1221
1281
1304
1328
1332
1350
1361
1414
1450
1460
1527
1566
1571
1605
1617
1633
1636
1668
1686
1700
1742
1769
1780
1865
1887
1904
1920
1945
2017
2023
2028
2061
2127
2131
2140
2153
2155
2157
2187
2232
2317
2358
2371
2387
2416
2458
2468
2498
2517
2563
2586
2660
2673
2684
2690
2692
2697
2735
2749
2751
2762
2786
2859
2882
31
44
67
78
93
110
213
223
263
266
269
276
316
318
431
435
454
577
581
608
689
750
757
804
806
931
957
988
1023
1026
1052
1109
1153
1163
1199
1202
1210
1221
1281
1304
1332
1350
1450
1527
1566
1605
1617
1633
1668
1686
1700
1780
1865
1904
2017
2023
2061
2127
2131
2153
2155
2187
2232
2317
2358
2371
2387
2416
2458
2468
2586
2660
2684
2690
2735
2749
2762
37
149
245
316
318
319
370
373
454
652
894
1023
1052
1168
1279
1281
1315
1369
1450
1507
1532
1554
1707
1764
1903
1927
1948
1997
2000
2022
2023
2039
2051
2061
2112
2153
2232
2284
2304
2312
2317
2358
2458
2465
2481
2541
2567
2641
2643
2682
2734
2809
2815
2821
2867
2886
2895
2902
31
34
62
115
160
164
166
187
194
213
218
221
222
237
239
263
281
282
291
305
318
370
372
384
398
454
483
492
514
538
571
598
609
639
685
695
701
734
750
756
760
767
775
803
805
806
813
817
844
856
901
912
918
958
992
995
1030
1033
1079
1096
1099
1160
1170
1175
1189
1190
1202
1219
1259
1274
1281
1337
1348
1366
1382
1389
1429
1436
1450
1472
1509
1547
1569
1618
1633
1636
1643
1655
1710
1711
1746
1749
1752
1776
1794
1797
1828
1858
1865
1867
1884
1955
2001
2026
2044
2049
2085
2094
2104
2117
2131
2155
2158
2166
2202
2218
2232
2238
2248
2282
2318
2332
2345
2356
2358
2384
2396
2424
2427
2432
2436
2486
2498
2501
2508
2529
2534
2539
2578
2586
2589
2648
2656
2705
2736
2771
2799
2822
2834
2849
2869
7
12
15
34
62
67
115
145
160
164
166
175
177
185
187
194
213
221
223
231
239
280
282
289
291
295
305
318
327
331
354
370
372
377
404
406
408
424
435
492
514
538
541
571
582
603
609
639
650
663
674
685
694
701
710
716
725
731
734
735
745
749
756
760
763
767
775
781
786
803
805
828
844
848
855
875
907
912
918
944
992
995
1030
1054
1079
1096
1099
1117
1141
1143
1144
1160
1163
1175
1188
1189
1190
1216
1219
1252
1281
1306
1312
1337
1355
1366
1382
1389
1428
1429
1432
1436
1444
1450
1509
1521
1528
1535
1540
1544
1547
1564
1566
1569
1599
1603
1618
1633
1636
1656
1677
1693
1711
1737
1746
1749
1776
1797
1804
1819
1828
1834
1867
1876
1907
1919
1945
1975
2001
2020
2041
2044
2049
2058
2085
2094
2116
2142
2156
2158
2166
2183
2202
2218
2232
2248
2269
2282
2289
2318
2325
2332
2345
2356
2358
2376
2387
2396
2415
2424
2427
2432
2440
2445
2451
2498
2501
2508
2529
2534
2539
2547
2548
2549
2578
2589
2614
2633
2645
2648
2656
2673
2688
2710
2736
2783
2799
2803
2823
2834
2849
2863
2869
2882
7
12
15
34
62
67
145
166
177
185
187
213
223
231
280
295
305
318
327
331
370
377
404
406
408
424
435
492
514
538
541
582
603
650
663
674
694
710
725
731
735
745
749
760
763
775
781
786
805
828
844
855
875
907
912
995
1030
1054
1079
1096
1099
1117
1141
1143
1144
1163
1188
1190
1216
1219
1252
1281
1306
1312
1337
1355
1382
1389
1428
1432
1436
1444
1450
1509
1521
1528
1535
1540
1544
1547
1564
1566
1569
1603
1633
1656
1677
1693
1711
1737
1749
1776
1804
1819
1828
1834
1876
1907
1975
2020
2041
2058
2085
2094
2116
2142
2156
2183
2202
2218
2232
2248
2269
2282
2289
2318
2325
2332
2358
2376
2387
2415
2424
2427
2432
2451
2498
2508
2529
2534
2539
2547
2548
2614
2633
2645
2648
2688
2710
2736
2783
2799
2803
2823
2849
2863
31
34
38
44
62
93
99
101
166
187
213
263
284
288
291
305
318
370
398
407
435
449
454
471
492
514
538
539
670
717
750
760
771
775
805
806
813
842
844
912
922
958
995
1030
1033
1079
1096
1099
1109
1153
1190
1202
1219
1274
1281
1337
1348
1366
1382
1389
1436
1439
1450
1464
1509
1547
1569
1633
1668
1710
1711
1752
1771
1776
1814
1828
1865
1870
1955
2026
2083
2085
2094
2104
2131
2155
2202
2218
2232
2248
2282
2318
2332
2358
2424
2427
2432
2498
2508
2529
2534
2539
2562
2586
2648
2736
2799
2800
2849
2878
3
14
20
24
33
61
77
79
148
230
256
300
341
384
389
401
420
470
471
524
530
532
541
581
617
636
688
694
726
757
781
804
847
851
903
920
935
1044
1054
1069
1147
1193
1195
1217
1221
1224
1230
1248
1259
1275
1303
1306
1323
1427
1432
1465
1475
1483
1546
1562
1590
1630
1633
1673
1707
1749
1751
1788
1810
1867
1914
1931
2014
2017
2039
2073
2096
2110
2126
2127
2136
2141
2171
2187
2215
2221
2232
2238
2403
2416
2437
2453
2506
2518
2553
2566
2606
2630
2637
2651
2671
2681
2698
2703
2741
2783
2790
2818
2879
3
14
24
38
61
74
79
93
99
101
148
230
233
284
288
300
302
341
380
384
389
401
407
420
449
461
470
472
524
530
535
539
580
634
648
649
661
670
679
688
717
724
769
839
842
847
848
889
894
896
901
903
920
922
941
959
965
1021
1041
1044
1085
1100
1117
1118
1135
1154
1158
1174
1193
1217
1224
1248
1275
1292
1412
1427
1439
1443
1464
1475
1483
1546
1562
1590
1594
1630
1636
1637
1673
1679
1749
1751
1764
1784
1788
1791
1810
1834
1870
1914
1931
1942
1987
2000
2014
2047
2070
2083
2110
2112
2136
2171
2215
2221
2232
2268
2273
2286
2325
2374
2376
2387
2395
2403
2437
2453
2483
2489
2493
2506
2510
2518
2525
2562
2566
2606
2637
2645
2646
2651
2671
2682
2698
2721
2726
2734
2764
2800
2817
2818
2853
2878
2879
2882
2899
2902
3
24
74
79
93
233
302
380
384
389
401
461
470
472
524
535
580
634
648
649
661
679
724
769
839
847
848
889
894
896
941
965
1021
1041
1085
1100
1118
1135
1154
1158
1174
1217
1248
1292
1412
1427
1475
1562
1590
1594
1637
1751
1764
1784
1788
1791
1834
1870
1931
1942
1987
2000
2047
2070
2112
2215
2221
2232
2268
2273
2286
2325
2374
2376
2387
2395
2483
2489
2493
2510
2525
2645
2646
2651
2682
2721
2726
2734
2764
2817
2818
2853
2899
2902
3
24
44
79
93
213
233
256
389
401
435
470
471
524
532
541
581
617
694
726
757
781
804
847
848
894
935
1054
1069
1147
1188
1195
1217
1221
1230
1248
1303
1306
1355
1427
1432
1475
1562
1590
1633
1751
1764
1788
1876
1931
2000
2017
2112
2116
2127
2141
2187
2215
2221
2232
2289
2327
2416
2506
2553
2620
2630
2651
2682
2734
2741
2783
2790
2818
2902
