1
1
1
1
5
6
6
2
4
3
12
5
1
1
3
3
2
8
10
2
4
4
5
2
3
4
3
2
1
1
1
1
1
1
1
1
2
1
1
1
1
6
6
1
7
9
19
20
13
11
22
15
6
10
23
13
9
12
11
9
13
343
339
7
30
414
412
16
18
578
576
21
36
574
581
30
15
1
11
17
9
1
11
11
10
1
8
12
5
4
18
9
12
8
13
26
10
12
16
13
6
10
13
4
49
27
32
44
3
2
2
1
5
5
9
9
4
4
17
10
13
19
39
23
20
26
25
34
25
24
10
14
18
19
16
16
3
3
3
3
32
35
14
16
90
93
38
37
37
39
3
3
42
34
3
5
74
75
29
28
117
115
45
47
48
53
19
19
28
29
27
27
19
27
21
18
2
2
1
1
8
4
3
5
4
5
5
2
9
9
8
8
16
17
12
14
17
23
19
10
16
16
9
12
16
23
15
11
27
27
14
26
2
6
2
7
5
11
9
6
9
9
4
7
5
11
10
5
5
4
3
3
7
10
7
4
9
18
17
5
14
13
8
13
10
7
4
9
6
11
8
5
5
4
3
5
5
16
12
3
7
10
8
5
13
25
17
10
20
41
35
25
11
18
18
17
31
31
27
31
28
38
34
28
16
15
13
15
48
38
34
40
139
32
25
133
141
51
40
135
125
48
37
117
67
41
25
58
49
51
38
45
77
81
73
74
59
76
69
46
101
102
87
118
174
119
83
148
146
115
83
129
105
121
96
105
96
96
75
80
84
101
77
71
104
126
99
88
51
82
57
33
30
49
30
19
27
31
10
24
32
41
27
21
42
45
30
34
28
35
27
19
23
29
20
21
10
13
7
9
23
26
21
21
15
25
21
4
24
29
18
18
7
10
3
6
40
43
37
37
25
29
26
20
35
39
31
32
47
57
49
44
34
38
29
32
46
44
41
40
31
34
25
26
14
29
23
9
44
51
45
41
23
20
7
13
10
11
5
9
5
4
2
4
25
23
22
20
29
31
28
26
51
45
32
36
68
69
5
9
3
1
10
14
8
9
9
11
19
20
8
14
14
6
11
8
6
8
12
8
5
11
10
13
9
9
16
8
5
14
23
10
6
22
25
16
14
21
44
48
11
11
9
26
19
7
71
89
24
9
13
28
21
10
12
14
11
10
25
30
14
10
14
11
5
12
12
19
12
10
15
21
15
13
18
20
13
15
14
23
17
8
54
68
61
49
40
50
29
20
40
149
120
30
58
63
53
48
47
74
68
44
38
83
72
30
234
185
169
250
79
105
98
74
71
84
71
70
60
91
90
58
88
90
76
103
33
60
51
24
30
56
42
27
101
111
100
113
105
162
112
65
55
75
52
29
44
85
67
39
72
102
61
34
150
151
83
134
199
323
259
150
237
167
96
172
220
213
172
156
221
236
139
131
203
323
315
183
250
288
215
221
307
202
167
278
181
171
121
134
241
277
157
135
239
257
137
129
299
313
168
151
349
517
452
248
453
559
431
350
363
277
225
304
671
579
423
532
554
556
461
461
1150
1202
496
450
340
324
260
276
258
261
176
168
290
318
212
197
154
156
142
142
172
197
178
156
343
340
325
325
202
180
165
197
112
105
96
99
109
139
114
103
64
94
83
60
100
93
85
98
41
52
44
33
91
113
99
85
174
97
82
84
87
102
90
76
73
126
43
63
68
81
75
64
51
61
47
45
41
41
25
37
85
100
86
79
81
118
98
73
95
91
66
80
69
76
67
66
61
77
66
49
47
67
54
42
39
38
28
32
101
106
92
84
75
119
109
65
65
38
32
59
79
89
81
74
68
74
61
63
56
59
55
52
72
79
73
66
70
46
34
47
21
2
1
20
4
2
1
2
2
2
1
1
2
2
1
1
2
1
1
2
