4
1
3
4
13
5
8
14
4
2
2
1
8
5
4
8
8
4
7
9
2
1
1
1
1
1
1
1
1
1
6
1
2
6
21
21
13
13
5
5
7
8
7
4
6
9
5
1
2
7
10
1
2
11
50
28
20
36
40
46
39
26
43
45
31
33
37
23
20
29
31
47
21
27
49
30
26
34
73
72
42
44
28
50
39
13
31
20
17
30
3
15
14
5
6
6
5
6
3
2
5
4
1
1
1
1
2
2
2
3
2
3
3
3
28
36
47
35
20
20
42
41
27
32
72
74
22
23
67
60
10
10
25
40
34
32
1
32
10
13
25
27
10
9
10
17
35
37
63
57
43
50
123
111
32
35
55
92
74
68
94
95
41
57
32
54
35
41
85
79
14
21
41
27
42
34
22
31
3
13
17
6
2
3
4
31
9
7
7
9
7
8
9
8
5
6
8
6
4
16
18
9
4
9
11
9
1
1
2
3
5
4
5
7
11
3
6
15
3
2
3
4
7
8
10
10
4
6
7
7
7
8
9
10
4
4
7
5
4
6
7
8
6
6
9
7
15
7
12
19
11
7
9
14
8
7
8
12
15
4
6
16
17
6
13
19
21
30
31
28
24
19
20
27
24
27
29
30
68
72
75
82
17
9
16
24
28
21
31
39
33
27
33
46
35
33
40
44
40
45
49
52
71
60
72
77
56
46
71
81
40
34
69
75
39
46
54
55
44
43
51
58
60
66
56
78
61
41
45
65
76
66
88
93
61
63
79
89
70
37
59
68
25
50
58
48
17
29
40
44
27
15
33
41
31
32
41
48
23
21
27
45
22
17
23
33
13
10
15
20
29
20
25
34
13
19
24
27
8
12
15
20
3
6
7
7
24
20
26
29
18
10
13
23
37
34
38
42
40
36
40
48
27
27
28
32
43
42
44
46
33
24
27
38
6
7
12
13
39
41
44
45
9
6
14
16
5
9
12
11
2
3
3
2
29
25
26
32
18
22
25
22
54
48
50
54
11
4
8
15
6
11
13
11
13
9
13
18
23
13
19
31
8
15
17
16
13
13
18
22
33
19
21
47
11
8
9
11
10
18
20
16
10
12
17
16
10
15
19
16
15
6
10
17
16
9
12
20
13
15
18
21
18
11
13
27
24
8
16
27
12
10
15
21
16
13
18
23
15
16
18
23
15
10
13
22
5
13
14
10
11
12
15
19
52
46
48
62
28
10
16
37
117
29
35
149
72
61
67
84
65
42
48
76
51
52
33
56
147
187
190
155
90
59
51
98
58
76
81
69
56
39
36
65
57
62
70
70
48
32
35
60
51
44
41
63
100
100
73
111
82
47
97
126
49
42
71
76
50
20
24
63
50
29
76
103
76
102
128
135
232
128
202
318
60
159
189
132
126
132
158
163
107
96
170
188
304
174
196
325
160
179
219
229
149
224
320
242
358
221
333
468
177
284
531
440
127
147
280
255
176
138
356
396
501
290
404
570
380
324
394
471
263
325
445
377
308
434
607
489
297
291
323
363
1129
1095
1471
1494
272
269
368
366
195
168
252
274
201
202
267
287
123
149
160
129
129
118
127
149
204
191
227
226
139
122
186
173
134
131
143
143
115
113
120
182
111
63
106
119
96
109
114
129
62
54
67
75
121
99
108
130
86
80
88
94
81
88
93
91
57
69
80
74
92
91
100
110
62
66
70
75
60
55
60
67
101
103
112
115
114
101
106
142
78
87
95
92
102
80
86
107
76
53
62
86
79
61
71
105
68
61
73
78
94
99
114
120
88
74
98
111
54
56
64
62
67
82
86
84
42
52
56
60
80
59
69
87
82
88
93
92
61
60
89
81
1
17
19
3
3
2
1
2
3
2
1
1
4
2
1
1
6
2
1
4
6
2
1
2
6
2
6
2
1
2
4
2
1
10
18
2
4
2
1
1
5
2
1
15
19
2
1
17
29
6
1
2
5
2
1
2
4
2
1
2
5
2
5
2
1
3
4
2
4
2
8
2
1
1
5
2
