1746144000
1746144000
1746144000
1746144000
1746230400
1746230400
1746230400
1746230400
1746316800
1746316800
1746316800
1746316800
1746403200
1746403200
1746403200
1746403200
1746489600
1746489600
1746489600
1746489600
1746576000
1746576000
1746576000
1746576000
1746748800
1746748800
1746748800
1746748800
1746835200
1746835200
1746835200
1746835200
1746921600
1746921600
1746921600
1746921600
1747008000
1747008000
1747008000
1747008000
1747094400
1747094400
1747180800
1747180800
1747180800
1747180800
1747267200
1747267200
1747267200
1747267200
1747353600
1747353600
1747353600
1747353600
1747440000
1747440000
1747440000
1747440000
1747526400
1747526400
1747526400
1747526400
1747612800
1747612800
1747612800
1747612800
1747699200
1747699200
1747699200
1747699200
1747785600
1747785600
1747785600
1747785600
1747872000
1747872000
1747872000
1747872000
1747958400
1747958400
1748044800
1748044800
1748131200
1748131200
1748131200
1748131200
1748217600
1748217600
1748217600
1748217600
1748304000
1748304000
1748304000
1748304000
1748476800
1748476800
1748476800
1748476800
1748736000
1748736000
1748736000
1748736000
1748908800
1748908800
1748995200
1748995200
1748995200
1748995200
1749081600
1749081600
1749081600
1749081600
1749513600
1749513600
1749686400
1749686400
1749686400
1749686400
1749859200
1749859200
1749859200
1749859200
1749945600
1749945600
1749945600
1749945600
1750032000
1750032000
1750032000
1750032000
1750118400
1750118400
1750118400
1750118400
1750204800
1750204800
1750204800
1750204800
1750464000
1750464000
1750464000
1750464000
1750550400
1750550400
1750550400
1750550400
1750636800
1750636800
1750636800
1750636800
1750723200
1750723200
1750896000
1750896000
1750896000
1750896000
1750982400
1750982400
1750982400
1750982400
1751068800
1751068800
1751068800
1751068800
1751155200
1751155200
1751155200
1751155200
1751241600
1751241600
1751241600
1751241600
1751328000
1751328000
1751328000
1751328000
1751414400
1751414400
1751414400
1751414400
1751500800
1751500800
1751500800
1751500800
1751587200
1751587200
1751587200
1751587200
1751673600
1751673600
1751673600
1751673600
1751760000
1751760000
1751760000
1751760000
1751846400
1751846400
1751846400
1751846400
1751932800
1751932800
1751932800
1751932800
1752019200
1752019200
1752019200
1752019200
1752105600
1752105600
1752105600
1752105600
1752192000
1752192000
1752192000
1752192000
1752278400
1752278400
1752278400
1752278400
1752364800
1752364800
1752364800
1752364800
1752451200
1752451200
1752451200
1752451200
1752537600
1752537600
1752537600
1752537600
1752624000
1752624000
1752624000
1752624000
1752710400
1752710400
1752710400
1752710400
1752796800
1752796800
1752796800
1752796800
1752883200
1752883200
1752883200
1752883200
1752969600
1752969600
1752969600
1752969600
1753056000
1753056000
1753056000
1753056000
1753142400
1753142400
1753142400
1753142400
1753228800
1753228800
1753228800
1753228800
1753315200
1753315200
1753315200
1753315200
1753401600
1753401600
1753401600
1753401600
1753488000
1753488000
1753488000
1753488000
1753574400
1753574400
1753574400
1753574400
1753660800
1753660800
1753660800
1753660800
1753747200
1753747200
1753747200
1753747200
1753833600
1753833600
1753833600
1753833600
1753920000
1753920000
1753920000
1753920000
1754006400
1754006400
1754006400
1754006400
1754092800
1754092800
1754092800
1754092800
1754179200
1754179200
1754179200
1754179200
1754265600
1754265600
1754265600
1754265600
1754352000
1754352000
1754352000
1754352000
1754438400
1754438400
1754438400
1754438400
1754524800
1754524800
1754524800
1754524800
1754611200
1754611200
1754611200
1754611200
1754697600
1754697600
1754697600
1754697600
1754784000
1754784000
1754784000
1754784000
1754870400
1754870400
1754870400
1754870400
1754956800
1754956800
1754956800
1754956800
1755043200
1755043200
1755043200
1755043200
1755129600
1755129600
1755129600
1755129600
1755216000
1755216000
1755216000
1755216000
1755302400
1755302400
1755302400
1755302400
1755388800
1755388800
1755388800
1755388800
1755475200
1755475200
1755475200
1755475200
1755561600
1755561600
1755561600
1755561600
1755648000
1755648000
1755648000
1755648000
1755734400
1755734400
1755734400
1755734400
1755820800
1755820800
1755820800
1755820800
1755907200
1755907200
1755907200
1755907200
1755993600
1755993600
1755993600
1755993600
1756080000
1756080000
1756080000
1756080000
1756166400
1756166400
1756166400
1756166400
1756252800
1756252800
1756252800
1756252800
1756339200
1756339200
1756339200
1756339200
1756425600
1756425600
1756425600
1756425600
1756512000
1756512000
1756512000
1756512000
1756598400
1756598400
1756598400
1756598400
1756684800
1756684800
1756684800
1756684800
1756771200
1756771200
1756771200
1756771200
1756857600
1756857600
1756857600
1756857600
1756944000
1756944000
1756944000
1756944000
1757030400
1757030400
1757030400
1757030400
1757116800
1757116800
1757116800
1757116800
1757203200
1757203200
1757203200
1757203200
1757289600
1757289600
1757289600
1757289600
1757376000
1757376000
1757376000
1757376000
1757462400
1757462400
1757462400
1757462400
1757548800
1757548800
1757548800
1757548800
1757635200
1757635200
1757635200
1757635200
1757721600
1757721600
1757721600
1757721600
1757808000
1757808000
1757808000
1757808000
1757894400
1757894400
1757894400
1757894400
1757980800
1757980800
1757980800
1757980800
1758067200
1758067200
1758067200
1758067200
1758153600
1758153600
1758153600
1758153600
1758240000
1758240000
1758240000
1758240000
1758326400
1758326400
1758326400
1758326400
1758412800
1758412800
1758412800
1758412800
1758499200
1758499200
1758499200
1758499200
1758585600
1758585600
1758585600
1758585600
1758672000
1758672000
1758672000
1758672000
1758758400
1758758400
1758758400
1758758400
1758844800
1758844800
1758844800
1758844800
1758931200
1758931200
1758931200
1758931200
1759017600
1759017600
1759017600
1759017600
1759104000
1759104000
1759104000
1759104000
1759190400
1759190400
1759190400
1759190400
1759276800
1759276800
1759276800
1759276800
1759363200
1759363200
1759363200
1759363200
1759449600
1759449600
1759449600
1759449600
1759536000
1759536000
1759536000
1759536000
1759622400
1759622400
1759622400
1759622400
1759708800
1759708800
1759708800
1759708800
1759795200
1759795200
1759795200
1759795200
1759881600
1759881600
1759881600
1759881600
1759968000
1759968000
1759968000
1759968000
1760054400
1760054400
1760054400
1760054400
1760140800
1760140800
1760140800
1760140800
1760227200
1760227200
1760227200
1760227200
1760313600
1760313600
1760313600
1760313600
1760400000
1760400000
1760400000
1760400000
1760486400
1760486400
1760486400
1760486400
1760572800
1760572800
1760572800
1760572800
1760659200
1760659200
1760659200
1760659200
1760745600
1760745600
1760745600
1760745600
1760832000
1760832000
1760832000
1760832000
1760918400
1760918400
1760918400
1760918400
1761004800
1761004800
1761004800
1761004800
1761091200
1761091200
1761091200
1761091200
1761177600
1761177600
1761177600
1761177600
1761264000
1761264000
1761264000
1761264000
1761350400
1761350400
1761350400
1761350400
1761436800
1761436800
1761436800
1761436800
1761523200
1761523200
1761523200
1761523200
1761609600
1761609600
1761609600
1761609600
1761696000
1761696000
1761696000
1761696000
1761782400
1761782400
1761782400
1761782400
1761868800
1761868800
1761868800
1761868800
1761955200
1761955200
1761955200
1761955200
1762041600
1762041600
1762041600
1762041600
1762128000
1762128000
1762128000
1762128000
1762214400
1762214400
1762214400
1762214400
1762300800
1762300800
1762300800
1762300800
1762387200
1762387200
1762387200
1762387200
1762473600
1762473600
1762473600
1762473600
1762560000
1762560000
1762560000
1762560000
1762646400
1762646400
1762646400
1762646400
1762732800
1762732800
1762732800
1762732800
1762819200
1762819200
1762819200
1762819200
1762905600
1762905600
1762905600
1762905600
1762992000
1762992000
1762992000
1762992000
1763078400
1763078400
1763078400
1763078400
1763164800
1763164800
1763164800
1763164800
1763251200
1763251200
1763251200
1763251200
1763337600
1763337600
1763337600
1763337600
1763424000
1763424000
1763424000
1763424000
1763510400
1763510400
1763510400
1763510400
1763596800
1763596800
1763596800
1763596800
1763683200
1763683200
1763683200
1763683200
1763769600
1763769600
1763769600
1763769600
1763856000
1763856000
1763856000
1763856000
1763942400
1763942400
1763942400
1763942400
1764028800
1764028800
1764028800
1764028800
1764115200
1764115200
1764115200
1764115200
1764201600
1764201600
1764201600
1764201600
1764288000
1764288000
1764288000
1764288000
1764374400
1764374400
1764374400
1764374400
1764460800
1764460800
1764460800
1764460800
1764547200
1764547200
1764547200
1764547200
1764633600
1764633600
1764633600
1764633600
1764720000
1764720000
1764720000
1764720000
1764806400
1764806400
1764806400
1764806400
1764892800
1764892800
1764892800
1764892800
1764979200
1764979200
1764979200
1764979200
1765065600
1765065600
1765065600
1765065600
1765152000
1765152000
1765152000
1765152000
1765238400
1765238400
1765238400
1765238400
1765324800
1765324800
1765324800
1765324800
1765411200
1765411200
1765411200
1765411200
1765497600
1765497600
1765497600
1765497600
1765584000
1765584000
1765584000
1765584000
1765670400
1765670400
1765670400
1765670400
1765756800
1765756800
1765756800
1765756800
