8
10
7
2
11
14
13
6
2
3
3
1
9
12
9
4
10
11
7
3
5
6
2
1
1
6
4
2
2
2
4
5
1
1
1
1
3
5
5
1
3
4
3
6
23
4
28
8
6
28
22
41
64
36
60
60
99
77
52
35
58
66
43
86
146
57
34
51
103
30
29
50
73
31
35
74
139
32
1
2
1
3
3
5
1
1
8
6
4
3
4
10
3
1
1
3
1
1
1
2
1
1
2
1
9
6
8
6
4
6
1
1
1
2
2
4
5
1
1
1
1
1
3
3
1
1
3
2
1
1
1
1
1
1
2
2
1
1
1
1
1
1
1
1
1
1
1
1
1
1
2
1
78
672
662
113
4
6
6
3
33
21
11
126
112
35
24
166
15
12
19
15
24
14
13
28
66
57
88
82
164
175
272
235
96
100
155
149
26
15
17
34
194
248
340
275
242
219
324
354
271
186
312
341
47
38
7
3
12
17
6
6
47
27
15
17
36
109
21
15
26
12
4
23
80
88
13
23
139
100
137
169
171
65
77
175
125
95
56
102
128
193
186
175
202
160
181
198
75
111
89
86
108
143
147
110
109
74
108
161
117
114
148
165
105
82
116
154
56
71
107
96
61
60
84
83
40
42
54
50
91
80
100
87
94
77
139
143
98
97
129
128
68
77
106
100
56
56
62
80
33
33
46
36
23
20
25
28
30
55
59
27
22
22
23
37
47
45
67
58
64
72
103
78
36
36
53
54
23
16
18
28
79
90
118
115
99
107
166
149
66
69
103
120
99
95
83
105
78
83
86
80
94
91
173
172
53
68
104
92
66
66
104
100
56
72
112
83
82
50
84
112
134
117
175
175
80
76
136
128
104
74
145
147
82
86
116
97
47
50
75
86
60
56
69
88
114
154
118
116
37
22
42
71
105
114
98
98
42
27
47
57
1
1
2
1
2
4
4
3
6
7
5
4
91
102
134
131
5
5
3
3
13
15
11
6
9
12
8
5
6
9
7
4
13
15
8
6
18
22
17
21
45
49
54
47
60
74
109
82
73
59
81
91
72
60
69
73
46
45
42
55
57
74
84
71
48
51
49
62
32
49
50
41
31
33
45
42
23
58
49
35
22
25
21
19
14
53
50
20
51
87
86
87
59
105
96
67
39
77
71
51
35
49
41
28
26
71
64
22
52
86
75
91
29
44
34
25
37
76
66
32
76
51
41
71
43
72
54
39
21
40
35
15
29
55
42
8
32
38
44
72
109
118
70
62
180
260
218
137
149
82
93
140
116
104
94
107
140
149
101
95
236
384
317
188
388
381
64
188
321
335
101
101
167
343
279
107
310
213
98
202
173
143
92
126
218
231
141
110
316
518
438
263
349
432
368
403
288
269
221
237
308
264
215
270
402
414
280
279
315
335
243
215
96
116
77
91
127
132
110
89
201
204
180
170
136
141
129
128
133
171
152
117
151
137
113
111
173
54
106
79
125
114
89
86
121
240
111
114
63
105
85
59
115
125
113
99
144
53
38
43
89
128
115
80
111
114
92
104
75
80
68
67
61
151
57
56
98
94
85
81
59
81
57
47
58
63
49
50
104
108
92
101
95
122
101
75
100
96
83
77
95
100
80
83
66
87
67
54
66
82
68
54
38
34
23
31
87
107
87
81
59
93
74
55
44
32
24
39
57
73
64
56
83
82
62
48
65
64
55
59
70
74
61
64
97
104
79
73
32
24
17
28
8
2
1
4
5
2
1
3
64
110
52
28
71
67
63
58
69
76
52
47
58
71
61
54
98
116
104
79
85
89
93
80
64
68
46
53
49
40
45
41
35
40
34
44
93
72
68
77
67
86
81
57
96
113
94
72
60
75
50
50
82
84
50
51
67
85
54
52
42
52
45
34
154
107
131
135
2
3
1
1
