6
1
4
6
10
2
2
4
2
1
3
3
12
6
12
13
5
2
2
6
3
6
5
3
1
1
57
57
5
1
2
5
2
2
2
3
3
2
2
3
10
8
8
15
7
11
9
11
12
6
6
10
14
19
9
11
5
3
4
7
5
1
3
6
15
4
5
17
24
25
29
30
19
15
17
24
21
18
21
25
14
22
23
16
22
13
15
26
21
24
12
23
17
17
21
22
15
19
23
19
21
16
19
26
19
16
19
23
20
22
22
26
15
20
3
18
15
13
17
17
12
9
14
15
5
12
14
11
23
25
26
28
28
29
30
29
40
41
35
41
26
26
4
28
27
22
24
31
33
32
34
36
10
8
10
13
5
11
16
11
29
22
25
33
46
51
55
58
23
28
23
29
44
36
41
51
45
51
53
51
21
15
21
28
16
18
23
28
16
22
25
28
22
30
22
34
36
21
25
39
15
21
23
26
10
16
19
14
15
14
16
21
9
19
20
14
5
5
8
8
11
2
7
17
6
9
10
10
17
6
12
22
22
16
21
26
7
12
15
14
9
15
18
14
10
13
14
12
13
11
14
17
13
11
13
17
7
10
12
9
27
15
20
31
28
23
26
36
26
19
23
33
31
18
25
35
23
22
29
32
31
30
35
39
46
39
45
61
30
27
33
36
42
40
47
52
30
24
30
39
34
41
45
45
49
34
42
60
35
38
50
51
47
51
51
63
65
61
71
81
69
49
64
82
80
72
93
98
75
64
81
102
67
88
98
104
88
82
83
107
88
75
90
98
51
55
61
72
71
43
62
88
75
49
74
100
35
47
58
69
18
15
21
36
21
19
31
42
21
26
39
43
17
20
31
34
34
19
28
45
12
14
18
25
19
27
30
26
12
11
16
16
14
10
15
21
9
11
14
20
56
53
59
65
17
25
28
27
42
44
45
45
49
44
45
55
55
42
50
60
84
79
71
71
67
80
74
55
86
83
62
50
75
71
65
70
8
6
15
13
4
3
6
7
14
5
11
16
42
42
49
48
28
33
34
33
47
42
45
48
18
11
16
25
6
11
13
16
11
14
17
20
6
9
12
12
16
10
14
19
20
13
18
24
39
14
16
42
19
13
16
25
15
29
30
20
11
47
53
18
16
34
37
23
22
15
20
28
21
9
15
27
23
14
20
35
16
10
14
28
14
14
18
23
5
8
10
11
9
10
13
11
26
18
24
30
12
12
15
19
21
12
14
25
29
27
31
35
126
111
118
134
54
44
49
66
118
45
54
145
75
74
82
95
73
39
53
80
57
49
50
72
215
265
251
232
114
89
62
123
108
93
92
114
58
38
42
74
75
83
90
93
69
35
45
80
63
59
50
78
78
122
124
112
56
55
120
139
53
25
43
76
74
42
47
91
55
38
155
181
79
72
146
156
149
150
156
160
37
26
34
48
107
94
145
163
225
216
388
408
323
213
188
333
160
205
237
231
171
257
356
265
345
238
372
480
242
329
538
470
184
203
282
265
192
178
214
234
433
214
274
474
617
537
650
744
272
362
438
354
223
340
435
320
322
317
537
542
410
408
913
919
180
181
260
265
147
108
222
225
212
205
304
341
134
139
144
162
121
110
119
132
238
145
172
247
136
199
211
153
137
153
159
154
146
147
158
159
120
64
160
130
94
95
105
182
47
55
67
63
111
98
109
131
83
93
103
101
97
92
103
107
113
106
115
128
144
139
151
156
85
106
110
110
77
83
89
87
134
100
108
151
105
83
96
123
107
111
141
133
122
124
126
141
94
84
89
112
71
52
57
81
40
39
46
47
105
93
100
121
87
73
80
102
37
49
67
48
79
58
63
91
61
66
69
74
68
71
74
76
70
67
71
76
75
64
68
86
112
98
108
123
123
108
118
141
54
55
62
67
46
55
78
61
48
38
44
52
63
60
78
70
75
68
74
95
1
18
22
5
1
6
6
1
1
22
27
2
4
2
1
1
3
3
1
16
20
4
