4
2
4
4
4
3
6
4
1
1
1
1
2
1
2
2
2
2
2
3
3
2
3
3
2
3
3
1
2
1
1
2
1
1
1
1
2
2
1
1
6
2
5
8
8
4
4
5
7
6
7
4
1
1
3
4
1
1
1
1
2
1
7
3
6
8
7
4
7
8
2
2
3
2
1
1
3
2
1
2
2
1
2
3
2
2
2
3
3
2
2
1
2
2
2
2
2
2
2
2
2
2
2
2
2
1
1
2
1
2
2
1
4
2
5
4
9
10
10
7
6
4
6
8
1
2
3
4
5
6
4
2
1
2
8
4
12
4
6
6
3
3
1
1
4
3
3
4
7
4
4
5
10
5
5
5
27
25
33
27
10
7
9
9
3
3
5
5
13
6
9
12
9
5
5
7
7
6
2
1
9
2
5
10
11
6
6
7
18
6
11
19
7
4
10
9
1
1
4
3
5
1
8
8
5
3
3
3
3
6
6
1
7
4
6
9
12
5
8
8
5
3
4
5
5
1
2
6
7
5
7
8
8
7
5
8
21
8
7
10
12
5
8
10
3
4
7
5
10
7
6
3
5
7
7
5
7
3
7
6
15
13
9
7
21
9
9
12
15
5
16
19
24
13
19
23
50
26
27
28
15
5
9
11
11
4
12
9
5
4
11
7
16
11
17
15
12
8
6
3
14
9
13
11
16
11
11
17
33
12
16
36
29
24
16
16
29
18
32
33
47
30
44
50
67
73
102
82
263
162
205
157
311
195
189
184
284
157
121
152
245
185
174
166
473
375
244
274
307
276
177
138
456
426
260
238
773
567
331
333
660
526
389
436
741
644
300
542
754
712
455
574
1011
877
756
814
804
649
602
639
746
679
608
578
655
679
680
549
747
610
512
462
624
448
480
644
483
370
478
514
711
490
560
736
852
680
744
487
757
624
633
772
744
679
424
479
631
551
399
362
491
344
343
406
333
297
314
383
520
414
491
545
608
437
574
553
638
479
374
490
693
471
230
569
386
358
421
362
923
269
350
974
591
337
492
616
638
546
748
606
732
626
728
631
750
736
873
701
559
398
564
663
490
351
391
511
696
422
505
622
821
329
462
844
1072
911
802
862
1348
1083
1320
948
1809
2076
2359
1149
