2
3
2
2
7
4
6
4
4
5
3
2
2
1
3
4
4
5
3
3
1
3
1
1
1
1
2
1
2
2
1
2
2
1
1
1
1
1
4
6
5
1
4
4
4
3
4
3
2
2
3
3
3
3
2
1
1
2
2
2
2
2
2
1
5
4
2
2
7
7
13
9
1
1
2
1
11
10
17
12
7
7
6
6
5
3
2
1
3
2
1
1
1
1
1
1
1
1
1
1
1
1
1
1
1
1
1
1
1
1
1
1
3
2
1
1
1
1
1
1
1
2
2
1
1
1
1
2
1
1
1
1
9
7
10
8
3
1
8
3
1
1
2
1
9
7
2
4
4
6
1
1
2
7
6
2
1
3
3
1
2
2
2
2
7
4
3
5
6
7
9
5
4
8
8
4
22
25
31
20
11
13
18
11
14
9
5
14
13
7
6
8
10
11
9
5
10
7
6
8
6
8
15
10
6
4
4
4
12
12
20
9
11
7
9
12
9
3
3
4
5
3
1
2
5
5
2
2
14
9
2
2
8
8
3
1
13
11
10
6
5
3
3
3
2
3
4
4
7
4
8
6
7
9
6
8
9
4
11
10
11
8
6
5
5
5
8
5
5
6
4
2
4
5
10
5
8
8
20
11
11
9
13
11
11
7
17
16
11
6
17
17
19
10
20
24
16
10
6
4
10
5
4
4
9
6
11
5
6
7
17
9
10
13
13
11
13
9
20
13
21
14
30
20
18
19
16
20
20
18
28
14
13
8
47
25
19
31
42
37
34
20
241
161
106
168
285
152
115
149
208
142
115
84
155
82
37
102
109
79
31
24
119
80
62
52
107
84
40
63
218
150
103
108
235
161
101
127
156
139
118
112
110
130
118
105
161
98
60
99
187
141
105
147
184
96
54
98
188
174
148
103
1175
274
195
296
594
358
239
87
238
1185
503
115
392
309
264
167
621
392
359
328
388
356
187
235
342
482
268
400
820
466
268
313
784
438
201
377
231
192
96
81
321
205
119
175
358
284
159
187
363
255
137
244
255
224
154
188
215
146
93
114
188
157
111
101
155
101
59
64
201
134
76
55
292
254
188
147
292
183
92
109
289
228
165
116
366
222
139
116
325
315
223
146
204
143
81
140
241
174
92
106
414
224
148
143
805
307
377
261
1855
525
479
753
