1
1
1
1
5
1
4
5
12
3
3
8
3
2
1
1
10
4
7
10
7
3
5
7
2
1
1
2
2
4
4
2
1
1
1
1
1
1
1
1
5
2
4
6
8
4
6
9
49
36
36
32
19
33
24
11
16
13
15
13
9
4
6
11
35
22
23
24
32
28
21
33
25
24
25
26
35
31
38
40
15
24
28
17
19
18
19
24
15
20
21
17
10
3
6
12
7
17
18
8
14
16
17
20
2
2
3
2
35
24
20
23
48
36
18
37
35
32
25
22
3
28
26
7
2
2
3
3
13
12
10
14
22
23
26
25
18
18
19
19
25
25
27
27
18
18
18
15
43
42
35
36
18
18
11
13
8
8
3
3
40
38
29
35
41
42
28
35
1
2
6
3
5
6
27
17
18
29
26
31
32
36
31
21
24
37
17
21
20
29
23
28
35
36
14
13
16
22
18
17
23
25
18
18
22
26
4
22
23
15
6
7
9
13
12
9
11
19
16
8
16
23
10
12
14
18
11
16
19
19
12
15
22
23
14
5
9
17
10
14
11
20
8
11
13
14
8
6
7
13
24
11
17
30
53
37
45
59
41
41
64
52
102
105
84
71
13
12
35
25
4
4
7
12
20
20
21
33
24
20
21
26
19
30
31
41
15
14
16
18
6
10
11
10
21
21
24
27
27
19
23
33
37
24
30
42
28
31
32
34
68
57
62
72
40
41
59
63
45
47
65
76
35
35
39
49
50
50
61
66
84
76
82
96
47
36
37
52
61
62
69
77
63
65
75
77
71
29
48
62
18
39
53
38
19
21
48
31
15
23
29
27
28
23
31
41
15
18
27
53
20
22
23
24
9
3
7
14
28
24
27
34
21
18
24
30
12
16
19
21
7
9
10
13
52
51
52
56
23
13
18
26
40
43
24
47
63
53
51
68
26
21
23
31
70
46
47
52
34
36
37
37
17
8
13
23
61
67
72
71
8
5
18
15
6
8
11
14
10
7
10
16
46
37
44
50
40
36
47
46
57
57
60
67
17
24
29
25
8
11
18
16
10
12
14
18
15
33
19
20
17
31
18
11
2
2
4
8
7
5
5
9
25
9
14
27
22
23
27
27
14
8
13
19
18
13
19
25
122
15
23
133
38
129
135
46
16
10
39
47
27
10
19
36
12
11
16
14
12
9
9
15
21
20
22
23
23
24
27
30
24
14
20
30
22
13
14
24
27
18
24
34
56
46
53
60
35
21
26
44
103
28
36
131
33
26
32
42
33
15
20
38
56
23
30
68
113
165
170
119
79
59
60
88
71
66
73
82
64
44
52
77
76
79
83
94
56
43
49
67
58
34
43
72
84
119
122
89
85
58
107
143
47
27
45
71
64
22
29
80
45
61
100
110
73
63
116
126
231
139
224
325
73
123
179
139
210
190
245
238
120
118
150
160
406
286
280
422
158
339
234
222
116
119
136
165
313
166
161
347
85
208
245
212
66
60
92
88
143
115
178
193
398
188
262
438
297
243
297
372
230
320
410
321
278
386
521
414
308
311
375
381
351
307
445
503
196
142
209
252
149
161
246
244
207
190
284
311
142
150
159
159
172
158
167
184
303
285
300
319
188
184
290
206
138
147
160
154
123
113
123
204
116
84
91
128
107
119
134
142
64
55
68
72
119
93
97
129
85
97
104
94
81
86
91
91
63
67
74
77
80
65
72
91
49
62
82
67
55
64
71
81
98
89
97
109
96
83
88
111
83
69
79
95
81
75
79
90
78
55
66
92
84
67
76
98
47
64
68
63
85
85
92
95
115
49
57
134
28
76
78
39
70
75
77
83
60
54
59
78
61
53
63
73
70
62
89
81
58
9
12
58
