3
3
6
2
1
2
1
2
3
3
5
5
1
1
1
1
3
3
3
1
4
8
3
1
3
4
2
2
1
3
1
1
2
1
2
1
1
2
1
1
1
1
10
2
5
10
12
6
9
8
3
3
3
3
7
4
5
7
2
1
3
2
1
1
1
1
8
4
4
5
1
2
4
2
5
2
9
9
1
1
1
3
1
1
1
2
1
1
2
3
8
5
6
13
9
4
7
9
10
6
11
10
7
6
11
10
3
3
3
3
4
3
3
5
1
1
6
3
5
5
8
8
5
6
7
6
5
11
20
13
12
15
20
17
8
9
14
10
11
4
10
12
17
12
14
14
11
14
20
9
17
11
11
15
14
17
19
14
9
12
26
13
6
3
8
6
6
7
10
10
1
2
10
5
6
5
10
16
3
1
14
9
2
1
12
7
1
1
4
4
16
10
14
28
10
9
13
8
4
3
6
7
10
9
9
8
8
9
23
15
10
9
22
13
10
10
9
12
3
6
5
5
10
8
18
10
17
6
16
26
43
37
45
41
53
59
71
59
36
32
58
49
5
6
16
11
12
5
26
22
26
20
35
40
50
59
68
43
36
46
56
38
16
21
31
27
25
27
39
28
25
31
36
16
25
22
42
19
30
57
61
23
49
52
74
46
53
59
92
56
35
51
56
42
24
31
53
23
36
41
59
37
41
50
63
32
26
50
61
37
43
72
78
48
91
187
311
147
135
237
393
168
116
183
313
153
83
154
252
109
57
143
209
91
88
79
259
144
151
140
424
170
105
86
256
162
202
303
463
267
148
106
291
149
97
111
216
125
195
60
201
234
87
115
278
153
42
32
122
77
