1333
1849
3007
1550
2544
3660
833
1001
1550
2538
2544
3007
1849
3660
1130
3007
3660
3448
3007
3660
755
1421
2616
3007
3660
3893
833
2538
2795
3660
3893
755
1421
1734
2616
3660
4226
3512
3512
3660
2910
3660
4160
2597
3660
4160
1333
3806
3893
3660
2544
2716
2910
3660
1333
2538
2544
2597
3007
3660
3806
3893
1849
3020
3893
3660
2910
3660
4555
1849
3020
3893
4201
1333
3020
3660
4555
4555
1333
3020
3660
3020
3660
2083
4555
3020
1333
3020
3660
2083
1333
3020
4296
3660
4555
4296
1421
1638
1849
2860
3020
3127
3320
3893
4226
4347
603
3660
603
1513
2083
2597
3714
1421
1849
2860
3020
3127
3320
3660
3893
4226
4347
1421
1638
1956
3020
3320
3660
3696
3823
3893
4226
4347
4357
1354
2910
3660
3696
4074
4099
1354
1513
2538
2910
3474
3714
4057
4074
4099
1421
1956
3320
3474
3660
3893
4201
4347
1484
1638
4357
1110
2539
3812
1110
2539
3812
833
2795
3660
1421
1956
3020
3320
3660
3893
4347
1638
3660
4186
4357
662
1638
2910
3893
4186
1421
1956
2597
3320
3660
4201
4347
191
4296
3660
2597
4057
4401
191
4296
1638
3435
3435
3660
1421
1849
3020
3806
3823
3893
4226
4347
1638
2897
3660
4099
2897
2910
3660
4099
3020
3660
3806
3823
4201
3893
2897
2898
2897
2898
2910
3660
2898
3660
1421
3020
3806
3823
4226
1354
3660
631
1354
1513
2538
2910
3007
3474
3512
3660
880
1421
3020
3660
3806
3812
3823
4201
4226
3020
2237
2237
3007
3474
3660
3020
2664
2664
3660
4057
3823
3660
662
2333
3660
3823
4057
1339
1484
1773
1849
3823
3893
4099
4200
1339
1850
2910
3487
3660
662
1053
1850
2910
3487
3660
1053
1484
1773
1849
2716
3512
3660
3823
3893
4057
4099
4200
4201
1421
1849
3020
3696
3806
3893
4226
4296
4347
449
2139
3660
3825
449
662
2139
2376
2661
2910
3825
1484
1849
3020
3660
3696
3806
3893
4226
4296
608
1086
1484
1849
3020
3806
3823
3893
4099
4201
188
608
2210
3660
3843
4177
188
538
541
1053
1086
2210
2810
2910
3660
3843
4177
1086
1484
1849
3020
3660
3806
3823
3825
4099
4201
608
2142
2724
3020
3823
4226
4655
2101
2142
2279
2352
2579
3660
1015
1053
2101
2279
2352
2538
2579
2597
2895
2910
3660
541
1053
2538
2661
3020
3660
3823
4201
4226
4655
2462
3823
3893
456
2778
3660
456
2778
2910
3660
3823
3893
1053
2910
3523
3660
2664
3660
4555
2597
2910
3660
631
1053
2597
3660
4555
3660
608
608
1276
1676
2884
3460
3955
2597
3660
4555
1339
2901
3020
3660
3823
2082
2901
3230
3660
4089
29
2082
2884
2901
2910
3230
3660
4089
1484
2083
2884
2897
2901
3660
3823
4201
1484
2142
2675
2897
3020
704
1339
1736
1943
3660
3970
704
1053
1736
1943
2910
3660
3970
449
1484
2538
2661
2897
3660
2142
2451
3020
3204
4226
129
662
2142
2297
2451
2484
2596
2841
3204
3393
3660
129
662
704
942
1022
1053
2297
2451
2484
2596
2841
2910
3204
3353
3393
3428
3655
3660
3661
3844
1053
1484
2451
2538
2897
3020
3204
3660
3844
3970
4186
4201
4226
1943
2142
3020
3052
3371
3806
3823
3886
3893
4201
4226
4347
11
540
674
857
903
1096
1168
2142
2493
2897
2907
2997
3052
3660
3886
11
74
540
674
857
903
1053
1096
1168
1587
2493
2897
2907
2910
2997
3305
3660
3886
4225
4435
674
704
1053
1222
1943
2907
3020
3371
3660
3661
3806
3823
3886
3893
4201
4226
4347
11
226
1587
1849
2689
3371
3781
3823
224
1900
2565
3052
3180
3655
3660
3767
4434
224
232
704
1053
1900
2565
3014
3180
3305
3655
3660
3767
4099
4434
11
540
1053
1587
1849
3371
3660
3823
4201
4225
1184
1339
1849
3020
3052
3371
3781
3823
3893
4099
4226
704
3660
3710
4074
704
781
2565
2810
3014
3305
3660
3710
4074
4225
327
1110
1184
1484
2237
3020
3660
3823
3893
4099
4201
4225
191
1010
1063
1339
1420
1849
2860
3020
3320
3371
3660
3715
3781
3823
3893
4226
4347
704
1339
2212
2581
2956
2973
3144
3496
3660
4226
4434
4522
704
731
1053
2212
2581
2810
2956
2973
3144
3305
3496
3660
4434
4522
74
1010
1053
1420
2860
3020
3320
3660
3823
3893
4074
4201
4347
4435
191
1849
2237
2775
3020
3371
3660
3715
3781
3823
4052
757
1354
1531
1554
1780
2300
2471
3052
3547
3660
3715
3781
4052
4099
662
757
1354
1444
1460
1467
1531
1554
1780
2300
2471
2621
2837
2897
3547
3660
3893
4052
4099
4525
1460
1484
2237
2471
3020
3371
3660
4052
4434
857
1339
1780
1849
2279
2621
2641
2973
3052
3371
3660
3781
3823
3893
4226
4296
4347
130
150
1129
1591
2636
3052
3660
3715
3781
4056
4481
130
150
1129
1347
1591
2636
3660
3844
4056
4099
4481
857
1460
1484
1531
1780
2101
2279
2376
2621
2910
2973
3014
3660
3844
4525
704
1849
2538
2579
2641
2860
3020
3320
3781
3823
3893
4226
4296
4347
236
623
1038
1275
1339
1354
2086
2147
2641
3052
3327
3529
3660
3715
3735
3781
4099
236
623
1032
1038
1275
1354
1467
1675
1710
2086
2147
2538
3327
3474
3529
3660
3735
3844
4099
704
1032
1675
1849
2538
2579
2613
3020
3660
3823
3844
3893
4296
4347
150
1580
1849
2641
2910
3020
3660
3823
4296
39
57
1354
1773
2235
2620
2641
2897
3660
3893
4099
4481
39
57
98
160
548
1032
1038
1354
1460
1582
1675
1710
1773
2235
2538
2620
2897
2910
3224
3327
3660
3844
3893
4099
4225
4481
150
704
1032
1460
2297
2538
2910
3020
3660
3823
3844
4225
4296
986
1580
2565
2997
4099
4567
539
835
3660
197
539
704
3040
3660
3798
3844
3868
835
2538
2565
2997
3660
4099
2210
2538
2897
3020
3660
4176
835
986
1063
1580
2641
3660
4655
986
1063
1710
2171
2405
2591
3660
3844
3893
4655
1675
2210
2405
2538
2565
2897
3020
3660
3844
4176
4377
392
3117
392
704
1500
1969
2910
3094
3117
3660
3844
3893
539
2405
3144
3474
3660
392
2641
3117
3660
3736
4099
84
3660
3736
4151
4377
65
84
641
1500
2560
3215
3339
3660
3736
4151
129
392
662
704
1032
1347
2405
2484
2581
3014
3117
3224
3660
3736
3844
4151
3736
3823
4099
3660
84
1198
1460
1507
1963
3249
3339
3597
3660
3794
3810
3844
3893
4120
662
1032
1591
2405
2841
3660
3736
3823
4099
4099
4296
3660
574
704
1070
1354
1880
2196
2230
2538
2910
2979
3238
3893
1460
1467
2538
3660
3844
4099
4296
155
2236
1629
2236
3422
4203
1032
2538
2910
3660
187
1222
1339
1421
1484
1849
2860
2897
3020
3320
3806
3893
4099
4279
4296
4347
155
284
712
874
1339
2442
3050
3660
3680
4586
284
618
712
874
2324
2442
2910
3050
3129
3660
3680
3893
4044
4586
65
74
187
197
456
548
574
1032
1038
1421
1484
1849
2442
2860
2897
2910
3020
3094
3320
3339
3660
3735
3806
3893
4099
4279
4296
4347
191
1042
1484
1580
1636
3020
3660
3806
3893
4296
27
191
545
2536
2857
2858
3544
3660
4258
27
545
986
1042
2536
2857
2858
2910
2911
3544
3824
4017
4258
874
1484
1500
3020
3660
3806
3893
4296
2467
3679
3823
4296
567
1580
3660
567
1042
1198
2910
3660
4396
986
2467
2757
3660
3679
3823
4279
1580
1849
2813
3660
3806
3823
3893
4099
4115
4296
16
122
1042
1580
2317
2813
3660
3677
4115
16
122
2317
2910
3393
3660
3677
3824
4396
1042
1849
3040
3660
3823
3893
4115
4296
27
191
2403
2641
3617
3710
3823
3893
704
1817
2544
2724
2777
2970
3617
3660
3893
486
545
605
704
1016
1070
1198
1354
1387
1817
2284
2403
2544
2772
2777
2863
2899
2970
3660
3844
3893
4282
4628
27
188
605
704
1042
2403
2857
3249
3660
3710
3714
3823
3844
3893
4120
1580
2509
2813
3020
3320
3660
3806
3893
4226
4347
226
349
501
1354
2777
3660
3893
4099
4635
226
349
350
501
704
1198
1241
1354
1467
1653
1817
1939
2565
2777
3195
3433
3660
3844
3893
3981
4099
4635
29
712
1467
1969
2509
3020
3320
3660
3714
3806
3893
4522
4635
1339
1580
1849
3020
3617
3893
3981
4226
4296
4347
277
927
1339
1580
1619
2224
2813
3660
3986
4574
277
763
927
1619
2224
3249
3660
3986
4574
349
605
3020
3050
3195
3660
3714
3843
3893
3981
4226
4347
277
704
1580
795
866
1339
1580
1788
2960
196
795
866
2960
3660
277
704
1198
1788
3660
191
1580
1849
3020
3617
3660
3823
3893
4099
4296
1198
1720
1861
1939
2614
3660
3736
3893
163
936
1198
1720
1817
1861
1939
2091
2099
2326
2388
2614
3014
3042
3574
3631
3660
3893
501
1070
1629
2317
3249
3660
3714
3893
4099
4296
224
231
273
283
925
1339
1484
1773
2560
3020
3323
3806
3893
3934
4099
4296
4347
248
1339
2324
3617
3660
4106
248
257
591
833
1004
1930
1964
2324
2392
3014
3574
3656
3660
3844
3893
4106
122
224
231
283
548
704
866
925
1042
1484
1773
1817
2560
2596
2613
2897
2910
3020
3323
3660
3806
3844
3893
4099
4296
4347
191
452
822
925
988
1038
1143
1319
1322
1339
1460
1636
1675
1791
1837
1849
1934
2111
2559
2576
2696
2813
2860
2897
3007
3011
3020
3021
3093
3104
3556
3660
3806
3823
3830
3893
4099
4103
4127
4226
4296
4347
4446
191
452
822
833
874
988
1140
1143
1319
1322
1339
1460
1636
1791
1934
2111
2411
2559
2576
2696
2813
2841
2866
3007
3011
3021
3093
3323
3444
3660
3830
3893
4103
4121
4127
4222
4309
452
822
833
874
936
986
1004
1042
1140
1319
1460
1636
1791
1844
1934
2111
2324
2411
2516
2559
2576
2657
2712
2841
2866
3007
3011
3021
3075
3093
3323
3444
3452
3556
3612
3660
3661
3830
3844
3893
4103
4121
4127
4222
4309
84
874
925
986
1038
1319
1460
1636
1791
1849
1934
2111
2284
2388
2559
2576
2613
2860
2897
3007
3020
3093
3104
3433
3444
3660
3661
3806
3823
3844
3893
4099
4103
4106
4127
4201
4226
4296
4347
4396
4446
3
191
231
283
351
395
452
511
822
874
878
963
988
1038
1042
1140
1143
1319
1339
1460
1476
1636
1675
1718
1791
1837
1849
1900
1934
1976
2111
2559
2813
2866
3007
3011
3020
3021
3093
3259
3556
3660
3739
3806
3823
3830
3893
4099
4103
4226
4296
4347
4628
191
306
315
452
484
511
657
704
822
874
963
988
1038
1042
1078
1143
1319
1339
1460
1476
1636
1718
1776
1791
1837
1934
1976
1984
2111
2515
2559
2576
2696
2813
2866
3007
3011
3014
3021
3087
3090
3093
3259
3264
3300
3450
3489
3660
3739
3824
3830
3893
3895
4099
4103
4222
4226
4347
4675
30
191
306
315
351
415
452
484
511
657
704
774
785
822
874
883
936
963
988
1042
1078
1143
1279
1319
1326
1460
1476
1636
1647
1718
1744
1776
1791
1837
1976
1984
1989
2075
2111
2125
2515
2559
2576
2696
2724
2734
2866
2950
2992
3007
3011
3014
3021
3087
3090
3093
3264
3300
3450
3489
3556
3660
3824
3830
3844
3893
3895
4099
4103
4222
4675
84
231
248
283
350
351
452
486
511
774
822
833
874
878
963
988
1038
1042
1140
1143
1319
1460
1476
1636
1718
1791
1837
1849
1900
1930
1934
1976
2111
2392
2559
2576
2620
2696
2866
2897
3007
3011
3020
3021
3093
3259
3450
3660
3806
3823
3830
3844
3893
4099
4103
4201
4296
4347
4628
3
231
283
448
755
822
923
936
988
1038
1042
1319
1421
1460
1636
1675
1791
1849
2559
2696
2813
3020
3021
3300
3320
3660
3806
3830
3893
3895
4099
4103
4296
4347
4383
4524
822
1038
1042
1319
1322
1382
1460
1632
1636
1675
1791
2559
2585
2696
2813
2866
3021
3062
3349
3450
3660
3736
3739
3823
3830
3845
4139
4182
4222
4366
4383
4425
250
266
393
463
570
822
1038
1042
1061
1319
1322
1325
1354
1382
1460
1540
1614
1632
1636
1675
1791
2125
2387
2538
2559
2585
2628
2667
2696
2704
2866
2910
3021
3062
3284
3349
3450
3660
3736
3739
3830
3841
3844
3845
3893
3934
4099
4131
4139
4170
4182
4222
4366
4383
4425
4507
4524
4617
231
283
448
755
774
785
822
923
936
1038
1042
1319
1460
1632
1636
1675
1710
1736
1837
1849
2125
2236
2284
2516
2538
2559
2585
2696
2724
3020
3021
3042
3062
3300
3450
3612
3660
3739
3806
3841
3844
3893
3895
4044
4099
4103
4296
4347
4366
1718
2636
2813
3660
3814
1718
2813
3011
3660
3814
4222
1306
1426
1718
2324
2522
2548
2667
3011
3122
3660
3814
3844
3893
4031
4222
4643
1636
1776
2125
2559
2636
3062
3655
3660
3814
3844
4182
191
283
878
1849
3020
3660
3814
3823
3893
4099
4203
4296
874
1042
1773
3660
3814
427
595
874
913
1206
1350
1414
1702
1739
1773
1921
2324
2433
2502
2777
3113
3188
3405
3539
3660
3814
3844
3893
4222
4440
4663
191
283
731
878
1279
1426
1844
1849
1964
2125
2236
2284
2387
3020
3655
3660
3814
3823
3893
4099
4203
4296
191
231
635
884
1222
1339
1484
1558
1580
1718
1791
1849
2205
3020
3219
3320
3344
3660
3806
3823
3893
4099
4182
4277
4296
4307
464
963
1339
1411
1476
1478
1580
1718
2052
2205
2357
2576
2689
3344
3660
3893
3894
4182
4307
4338
276
464
594
904
963
1094
1411
1476
1478
1636
1718
2052
2125
2234
2324
2357
2559
2576
2669
3113
3169
3331
3344
3538
3660
3844
3893
3894
4099
4182
4249
4307
4338
4374
4490
57
163
231
351
463
704
874
884
1042
1222
1478
1636
1849
2075
2234
2284
2357
2522
2576
2712
2772
2858
2910
2950
3011
3020
3062
3113
3169
3320
3344
3660
3806
3823
3844
3893
4099
4277
4296
4338
191
335
554
763
822
834
988
1042
1064
1137
1143
1319
1324
1339
1484
1488
1558
1580
1675
1704
1849
1896
1975
2196
2205
2559
2585
2910
2972
2989
3011
3020
3070
3103
3124
3429
3450
3521
3660
3823
3850
3893
3979
4099
4226
4296
4347
4432
4493
4524
260
335
362
452
592
635
665
783
870
973
1042
1158
1165
1319
1339
1488
1496
1558
1580
1704
1722
1791
1844
1896
1934
1975
2042
2205
2255
2451
2565
2644
2680
2737
2857
2961
2989
3011
3021
3103
3331
3409
3429
3450
3660
3736
3759
3802
3830
3893
3979
4099
4103
4130
4222
4383
4432
4493
4718
209
260
335
362
423
463
548
592
635
665
783
870
973
1042
1112
1158
1165
1319
1354
1460
1496
1558
1675
1722
1791
1844
1896
2042
2063
2125
2255
2451
2523
2559
2565
2644
2680
2737
2857
2961
2989
3011
3021
3103
3145
3305
3331
3357
3409
3429
3450
3660
3736
3759
3802
3844
3893
4099
4103
4130
4162
4222
4329
4383
4396
4524
4607
4718
335
362
594
763
822
834
988
1042
1143
1241
1319
1354
1411
1460
1476
1636
1675
1837
1849
1896
1989
2042
2111
2125
2196
2357
2559
2576
2585
2910
2989
3020
3145
3320
3450
3660
3739
3806
3823
3824
3844
4099
4338
155
231
283
312
335
511
901
1042
1143
1411
1488
1551
1636
1715
1849
1863
2042
2086
2185
2205
2415
2667
2702
2850
3020
3021
3660
3806
3823
3850
3893
4239
4296
4383
4484
4493
155
242
553
763
901
1042
1064
1137
1143
1216
1272
1280
1324
1339
1477
1488
1496
1531
1551
1558
1580
2042
2185
2205
2253
2324
2803
2823
2849
2850
2893
3011
3021
3429
3484
3521
3522
3660
3819
3850
3893
3960
4239
4493
4527
4635
142
242
290
300
553
876
901
1042
1143
1216
1246
1272
1280
1324
1354
1477
1496
1531
1558
2042
2091
2125
2185
2253
2324
2523
2559
2647
2803
2823
2849
2893
3011
3021
3113
3182
3187
3203
3287
3408
3429
3484
3522
3660
3819
3844
3850
3893
3896
3960
4011
4239
4457
4524
4527
4635
142
283
335
464
665
901
1042
1143
1165
1411
1477
1636
1849
1863
2052
2086
2125
2185
2284
2559
2667
2841
2899
2961
3020
3021
3660
3802
3823
3844
3893
3896
4011
4182
4239
4296
4383
4527
155
1272
1319
1409
1488
3011
3020
3093
3660
3806
3823
3893
3908
4099
4296
4493
155
822
1191
1319
1636
1718
1863
2125
2189
2608
2641
2866
3660
3736
3908
3912
4004
4022
4277
4475
4493
117
290
552
822
876
1191
1219
1319
1683
1687
1718
1863
2125
2189
2363
2608
2647
2866
3266
3660
3736
3844
3912
4004
4011
4022
4023
4277
4457
4475
4524
209
290
876
1042
1198
1219
1272
1306
1409
1861
2125
2189
2255
2910
3020
3215
3409
3522
3660
3806
3823
3844
3893
4011
4099
4296
4457
166
177
260
423
878
883
1222
1339
1849
2961
3020
3082
3429
3573
3660
3806
3820
3823
3893
3908
4225
4226
4296
4309
4347
115
478
545
709
783
987
1339
1488
1576
2357
2378
2407
2415
2524
2702
2815
3070
3093
3124
3344
3409
3660
4053
4239
4410
4478
4560
75
115
290
478
545
709
783
987
1246
1571
1576
1636
2125
2357
2378
2407
2415
2464
2524
2538
2559
2815
2992
3124
3344
3409
3494
3660
3661
3844
3893
4053
4099
4225
4239
4410
4478
4524
4560
166
260
870
878
883
1143
1158
1324
2357
2523
2524
2538
2559
2613
2866
3020
3082
3429
3573
3660
3823
3844
3893
4162
4170
4225
4296
4309
423
463
554
822
878
1143
1222
1339
1849
2205
2243
2502
2860
3020
3093
3124
3598
3660
3661
3893
3908
3986
4226
4296
4493
290
312
318
448
554
1108
1125
1304
1339
1657
1715
2205
2424
2439
2495
2573
2919
2961
2975
3011
3030
3112
3327
3493
3660
3661
3908
4148
4182
4493
4646
290
312
318
633
1108
1125
1246
1289
1304
1325
1399
1657
2125
2229
2424
2439
2495
2538
2573
2632
2919
2961
2975
3011
3030
3112
3327
3390
3493
3660
3844
4011
4148
4182
4183
4646
463
554
822
878
1143
1324
2125
2502
3660
3661
3844
3893
3986
4022
4239
4410
347
554
615
878
901
1222
1339
1421
1551
1849
2613
2860
3020
3021
3093
3219
3660
3850
3893
3908
3973
4022
4182
4296
4493
152
290
318
511
720
730
884
1837
1905
2032
2205
3000
3021
3093
3660
3843
3877
3908
3988
4040
4099
4493
7
152
290
318
600
666
714
720
730
805
876
884
1289
1323
1354
1597
1837
1905
2032
2125
2229
2469
2524
2538
2910
3000
3021
3093
3660
3778
3843
3844
3877
3893
3919
3988
4011
4040
4099
4345
4382
4457
347
553
615
878
901
1004
2125
2229
2378
2524
2538
2613
3021
3660
3844
4011
4022
4182
4560
191
318
554
600
1088
1222
1339
1570
1791
1849
2063
2120
2205
2229
2834
2860
3020
3323
3396
3598
3660
3806
3823
3893
3973
3988
4094
4141
4296
4680
144
166
259
421
447
493
500
554
635
657
677
682
923
944
1042
1088
1184
1232
1339
1439
1454
1551
1570
1605
1682
1797
1926
2122
2148
2155
2205
2229
2363
2471
2565
2850
2883
2998
3044
3082
3153
3298
3380
3434
3573
3656
3660
3681
3746
3820
3878
3973
3999
4431
4493
4524
4680
144
147
166
238
259
290
421
447
493
500
568
635
657
677
682
720
944
1034
1088
1232
1439
1454
1499
1605
1682
1797
1926
2122
2125
2144
2148
2155
2363
2407
2471
2565
2765
2850
2883
2998
3035
3044
3082
3113
3153
3298
3364
3380
3434
3573
3656
3660
3681
3746
3878
3893
3999
4011
4431
4524
4680
290
318
500
554
600
1088
1222
1837
1849
2063
2125
2464
3035
3153
3323
3660
3823
3988
4011
4040
4141
4201
4374
181
191
318
423
554
589
591
870
878
1222
1324
1339
1433
1454
1570
1636
1715
1797
1849
2111
2120
2205
2559
2613
2671
3020
3035
3129
3323
3396
3598
3660
3802
3806
3823
3893
3908
3973
3992
4099
4201
4225
4226
4296
4300
4324
4493
4680
4694
175
187
290
301
312
318
452
766
1031
1064
1261
1319
1339
1454
1546
1636
1791
2052
2111
2120
2165
2204
2205
2229
2246
2413
2671
2680
2835
2840
2961
3035
3093
3120
3380
3429
3521
3536
3598
3660
3850
3854
3893
3908
3973
4094
4275
4297
4300
4310
4324
4493
71
175
187
290
301
312
318
452
548
598
691
766
806
830
1031
1042
1064
1242
1261
1319
1354
1454
1470
1497
1546
1791
1872
1886
2052
2104
2111
2165
2204
2246
2253
2413
2559
2671
2676
2680
2835
2840
2882
2961
3035
3093
3118
3120
3183
3193
3380
3429
3521
3536
3624
3660
3694
3777
3844
3850
3854
3893
3922
4010
4011
4099
4225
4268
4275
4297
4300
4310
4342
4524
290
318
452
589
591
635
682
691
783
805
878
1261
1289
1324
1454
1570
1797
1849
1872
2052
2111
2407
2559
2613
2910
3020
3035
3129
3380
3396
3405
3409
3660
3802
3823
3844
3893
3988
4010
4011
4099
4182
4201
4225
4324
4457
103
144
181
191
278
318
344
395
423
452
554
878
923
1003
1042
1193
1222
1324
1325
1339
1421
1558
1636
1773
1849
2052
2120
2155
2205
2229
2246
2415
2670
2835
2860
3020
3035
3660
3792
3806
3823
3893
3908
3922
3991
4099
4161
4226
4248
4296
4347
4493
4699
144
177
181
219
248
318
395
477
554
611
644
657
732
789
870
904
923
1028
1043
1132
1137
1232
1339
1378
1558
1636
1715
1773
1892
2102
2111
2120
2205
2229
2363
2650
3035
3100
3219
3611
3660
3667
3708
3792
3806
3893
3908
3926
4067
4084
4099
4161
4210
4222
4248
4493
4529
4619
4655
28
144
177
219
248
318
477
554
611
640
644
651
657
682
732
789
870
903
904
960
1028
1042
1043
1061
1132
1137
1195
1232
1301
1354
1357
1378
1416
1437
1546
1558
1636
1715
1793
1872
1886
1892
2102
2111
2115
2363
2366
2397
2541
2559
2638
2650
2666
2670
2734
2746
2910
2941
3035
3100
3106
3113
3192
3219
3611
3660
3667
3708
3789
3792
3844
3871
3893
3926
4006
4011
4067
4084
4099
4170
4206
4210
4222
4248
4254
4445
4457
4524
4529
4576
4619
4655
103
144
191
266
278
318
344
421
423
452
682
878
923
1042
1193
1324
1325
1558
1614
1636
1773
1872
1886
1892
2155
2246
2548
2559
2613
2670
2835
3020
3035
3298
3405
3409
3611
3660
3708
3777
3792
3806
3823
3844
3854
3893
3922
4011
4099
4161
4226
4248
4296
4347
4457
4699
126
191
452
554
625
644
714
878
963
1211
1339
1570
1636
1821
1849
1905
2229
2384
2397
2407
2488
3020
3106
3638
3649
3660
3714
3823
3893
4051
4170
4183
4226
4296
4383
126
187
278
625
626
697
752
963
1144
1193
1211
1339
1424
1453
1546
1581
1704
1773
1810
1834
2052
2092
2094
2097
2106
2120
2229
2322
2363
2407
2542
2619
2720
2741
3217
3219
3506
3660
3736
3893
4051
4099
4141
4161
4170
4203
4524
4616
4679
4680
4699
126
131
187
626
633
682
697
752
874
963
1144
1193
1354
1424
1453
1546
1581
1636
1704
1810
1833
1834
2052
2092
2094
2097
2106
2188
2322
2363
2384
2466
2541
2542
2619
2662
2713
2720
2741
3002
3217
3219
3506
3660
3736
3844
3893
4011
4051
4099
4170
4203
4254
4524
4616
4679
126
554
644
714
874
878
963
1137
1246
1581
1636
1821
1849
1905
2384
2397
2471
2488
2597
2613
2619
2741
3020
3103
3106
3494
3638
3660
3823
3844
3893
4011
4051
4130
4170
4183
4201
4275
4296
4383
4401
4457
191
318
395
682
1339
1570
1849
1892
2229
2384
2536
2546
2568
2613
2630
2666
3020
3638
3660
3714
3806
3823
3893
4296
103
125
318
344
395
588
625
1038
1042
1339
2007
2104
2110
2130
2229
2384
2415
2416
2568
2584
2630
2680
2697
3158
3173
3430
3571
3660
4335
4619
4708
103
112
125
126
318
432
461
588
682
794
797
1038
1042
1061
1286
1717
1886
1939
2007
2035
2104
2110
2130
2282
2415
2416
2521
2584
2630
2680
2697
2714
3158
3173
3186
3275
3430
3571
3660
3829
3844
3852
3893
4011
4166
4264
4335
4367
4477
4524
4565
4619
4708
126
191
318
461
682
1849
1886
1892
2148
2536
2546
2613
2666
2714
3020
3638
3660
3806
3844
3893
4011
4296
4565
126
177
493
531
625
901
924
1296
1424
1484
1636
1791
2125
2229
2357
2384
2582
2608
2737
2850
3020
3103
3112
3409
3660
3714
3802
3806
3893
4181
4249
4296
4300
4383
4659
4680
58
191
452
531
625
1061
1064
1296
1308
1411
1527
1546
1551
1789
1791
1999
2229
2308
2357
2384
2394
2415
2850
2955
3070
3409
3660
3714
3736
3744
3850
3893
3979
4103
4120
4170
4446
4524
4566
4586
4694
58
126
191
386
452
461
531
1061
1064
1181
1308
1354
1365
1411
1424
1527
1546
1551
1755
1789
1791
1886
1939
1999
2308
2357
2394
2415
2708
2850
2916
2955
3044
3070
3072
3142
3389
3409
3540
3655
3660
3736
3744
3844
3850
3893
3979
4011
4103
4105
4120
4147
4170
4181
4446
4524
4566
4586
4694
219
461
478
493
531
682
876
924
1137
1158
1484
1496
1886
1892
2042
2104
2357
2582
2608
2708
2737
3103
3112
3120
3409
3429
3660
3844
3850
3854
4011
4105
4249
4382
4410
4586
4659
35
238
452
625
682
1031
1181
1424
1551
1636
1701
1837
1849
1939
2125
2220
2229
2285
2384
2416
2541
2746
2992
3020
3142
3338
3389
3660
3714
3804
3806
3810
3893
3973
4181
4226
4241
4296
4437
4658
4694
35
69
169
191
452
625
682
708
710
1158
1325
1327
1431
1504
1579
1585
1636
1831
1891
1949
2002
2125
2128
2148
2220
2229
2384
2393
2744
2746
2766
2804
3304
3368
3660
3705
3714
3802
3865
3880
3908
3913
3973
4075
4159
4180
4200
4241
4288
4680
69
169
338
374
452
600
625
682
708
710
871
939
1003
1158
1325
1327
1354
1424
1431
1504
1579
1585
1831
1886
1891
1949
2002
2072
2128
2148
2220
2282
2385
2393
2744
2746
2766
2804
3304
3368
3469
3655
3660
3705
3802
3844
3865
3880
3893
3913
4011
4075
4159
4162
4180
4181
4200
4288
4313
4353
4456
4647
4680
238
452
625
1031
1181
1551
1701
1834
1849
1939
2220
2285
2416
2541
2746
2765
2992
3020
3142
3389
3660
3804
3810
3844
3893
4011
4103
4226
4241
4296
4658
4675
347
554
625
830
973
1143
1232
1543
1570
1636
1873
1880
2229
2384
3020
3098
3660
3714
3746
3823
3893
3973
4161
4181
4296
4353
158
173
299
318
451
490
625
688
692
822
971
1143
1322
1354
1526
1551
1592
1611
1636
1666
1837
2229
2384
2404
2473
2523
2687
2854
2879
2995
3041
3111
3295
3525
3542
3566
3660
3736
3743
3848
3850
3893
3973
4161
4258
4300
4353
4358
4383
4440
158
173
299
318
451
490
625
688
692
763
818
822
872
934
971
1143
1322
1325
1354
1526
1551
1592
1611
1666
1837
1873
1880
1886
2404
2473
2523
2687
2711
2781
2854
2879
2912
2942
2995
3041
3111
3295
3525
3542
3566
3660
3736
3743
3844
3848
3850
3893
3949
4011
4258
4300
4353
4358
4373
4383
4440
347
625
688
830
872
973
1042
1064
1158
1232
1322
1325
1411
1543
1551
1570
1873
1880
1886
2308
2523
2565
2597
2613
2857
2912
3098
3660
3746
3843
3844
3893
4011
4120
4170
4296
4353
59
126
191
318
423
554
625
639
1135
1319
1636
1762
1799
1849
1873
1953
2205
2229
2613
2639
2983
3020
3210
3323
3469
3598
3649
3660
3681
3714
3806
3823
3893
4142
4170
4181
4218
4226
4296
4347
4353
4512
4675
66
126
191
198
318
400
448
625
639
644
745
767
936
1164
1325
1354
1357
1361
1602
1636
1669
1701
1715
1762
1813
1819
1823
1873
1880
1931
2015
2068
2091
2107
2119
2205
2229
2290
2335
2384
2397
2471
2547
2625
2639
2673
3045
3254
3295
3352
3375
3536
3546
3649
3660
3736
3787
3832
3853
3976
4066
4142
4161
4181
4218
4231
4263
4278
4307
4347
4600
4680
66
181
191
198
286
383
400
448
485
625
644
745
767
872
936
1164
1227
1325
1354
1357
1361
1424
1576
1602
1663
1669
1715
1762
1813
1819
1823
1880
1886
1931
2015
2068
2072
2091
2107
2119
2143
2290
2335
2397
2471
2547
2586
2625
2673
3045
3254
3295
3348
3352
3375
3510
3536
3546
3660
3676
3736
3787
3832
3853
3976
4011
4066
4161
4181
4218
4231
4263
4278
4298
4307
4600
4674
4680
191
318
423
554
639
732
763
818
872
934
1647
1666
1762
1880
1886
2068
2094
2102
2107
2143
2523
2597
2613
2983
3020
3030
3113
3210
3323
3469
3510
3571
3660
3681
3806
3823
3893
3979
4011
4142
4170
4181
4218
4296
4353
4512
4675
4680
126
128
140
191
231
248
347
399
423
507
528
554
625
639
647
686
755
825
831
925
936
1041
1042
1064
1107
1135
1169
1211
1222
1269
1338
1339
1421
1424
1570
1636
1760
1791
1849
1873
1953
2004
2100
2123
2205
2229
2303
2335
2343
2347
2353
2358
2425
2482
2613
2732
2776
2849
2851
2860
2892
2897
3017
3020
3097
3323
3327
3371
3429
3484
3638
3660
3682
3754
3787
3806
3846
3893
3913
3984
3991
4005
4074
4099
4142
4161
4226
4296
4321
4347
4712
2
20
44
45
50
126
128
161
177
191
211
254
270
289
312
355
442
443
466
537
554
576
577
597
639
654
668
686
758
759
777
811
824
825
831
874
905
911
936
1037
1107
1188
1205
1269
1290
1305
1310
1319
1325
1338
1339
1354
1373
1383
1398
1413
1446
1506
1531
1532
1546
1557
1570
1598
1636
1657
1697
1698
1742
1780
1799
1815
1873
1880
1910
1953
1977
2004
2017
2042
2068
2072
2105
2123
2159
2205
2229
2251
2262
2277
2283
2320
2324
2327
2343
2347
2353
2358
2390
2396
2412
2487
2496
2565
2570
2572
2654
2673
2681
2746
2776
2784
2787
2805
2822
2839
2851
2881
2885
2892
2894
2902
2959
2969
2983
2984
3008
3033
3076
3099
3167
3234
3270
3335
3338
3372
3379
3402
3403
3436
3451
3506
3513
3581
3660
3674
3680
3700
3706
3714
3718
3736
3772
3826
3846
3897
3917
3936
3956
3982
4061
4074
4099
4117
4142
4161
4198
4208
4258
4300
4301
4307
4310
4314
4321
4392
4411
4482
4516
4524
4529
4531
4577
4578
4584
4645
4670
2
20
22
44
45
50
126
161
164
176
177
181
191
211
238
254
260
270
289
312
324
327
355
399
442
443
466
477
498
537
551
558
564
576
577
593
597
643
654
668
672
678
713
726
738
746
748
753
758
759
763
777
792
811
824
874
905
907
911
936
978
1018
1035
1037
1042
1079
1107
1127
1139
1147
1187
1188
1205
1232
1238
1245
1269
1289
1290
1305
1310
1319
1325
1334
1338
1354
1355
1361
1369
1373
1383
1398
1406
1413
1424
1446
1506
1513
1531
1532
1541
1546
1555
1557
1598
1606
1618
1636
1652
1657
1675
1697
1698
1742
1764
1780
1799
1815
1851
1880
1886
1910
1937
1953
1977
2004
2017
2042
2048
2053
2068
2072
2084
2105
2112
2123
2159
2201
2223
2251
2259
2262
2277
2283
2303
2311
2320
2324
2327
2342
2343
2348
2353
2358
2364
2376
2381
2390
2396
2412
2456
2487
2496
2526
2552
2565
2570
2572
2597
2609
2654
2673
2674
2679
2680
2681
2710
2746
2764
2776
2784
2787
2805
2822
2836
2839
2851
2853
2881
2885
2888
2892
2894
2902
2910
2914
2959
2967
2969
2983
2984
3001
3008
3033
3034
3076
3085
3099
3125
3130
3166
3167
3194
3231
3234
3270
3273
3325
3328
3335
3338
3354
3356
3372
3379
3392
3395
3402
3403
3436
3451
3481
3492
3506
3508
3509
3510
3513
3515
3516
3570
3581
3609
3660
3674
3680
3700
3706
3718
3736
3772
3826
3862
3897
3917
3936
3956
3972
3982
3985
3998
4011
4033
4039
4045
4061
4074
4099
4108
4117
4132
4139
4181
4183
4198
4208
4212
4217
4252
4258
4300
4301
4307
4310
4313
4314
4362
4372
4387
4392
4396
4397
4411
4433
4442
4482
4516
4524
4529
4531
4573
4577
4578
4584
4598
4624
4645
4657
4670
4704
4712
45
50
126
140
164
181
191
231
260
347
399
423
442
498
528
537
554
597
639
643
647
672
678
682
686
755
759
797
874
905
925
936
1035
1041
1042
1078
1107
1158
1169
1211
1246
1269
1289
1305
1334
1338
1355
1369
1398
1411
1496
1504
1541
1570
1669
1742
1760
1764
1815
1849
1880
1886
1953
2004
2084
2099
2100
2105
2123
2148
2201
2283
2308
2333
2335
2353
2358
2376
2397
2523
2526
2565
2597
2613
2673
2732
2776
2784
2849
2851
2860
2892
2897
2984
2995
3017
3020
3045
3076
3113
3166
3203
3231
3264
3323
3327
3371
3390
3392
3402
3451
3484
3509
3510
3515
3570
3581
3638
3660
3682
3754
3787
3806
3850
3893
3897
3913
3982
4005
4074
4099
4117
4142
4161
4162
4170
4226
4296
4301
4314
4347
4442
4456
4529
4598
4680
4712
41
61
77
191
195
231
245
251
283
294
301
334
342
378
397
423
430
465
507
522
532
554
561
586
599
625
639
644
755
788
925
936
948
1061
1074
1107
1121
1123
1128
1135
1155
1162
1222
1267
1269
1338
1339
1349
1421
1443
1502
1567
1570
1616
1636
1646
1745
1760
1764
1799
1808
1810
1858
1872
1923
1953
2059
2100
2118
2169
2186
2205
2254
2303
2343
2354
2367
2425
2472
2476
2488
2498
2507
2613
2629
2687
2821
2860
2871
3018
3020
3055
3097
3136
3223
3288
3382
3515
3575
3640
3660
3714
3718
3737
3756
3784
3791
3806
3893
4008
4018
4020
4172
4182
4202
4226
4244
4285
4296
4301
4308
4347
4353
4355
4385
4468
4483
4486
4514
4535
4589
4596
4620
4683
4685
53
76
86
90
102
151
165
174
187
195
200
240
249
258
264
317
328
339
430
436
439
465
470
507
510
513
532
554
562
601
604
625
639
641
680
683
685
689
696
703
729
745
750
772
786
802
814
821
824
856
865
879
888
908
925
994
1006
1023
1042
1045
1052
1070
1074
1087
1089
1107
1110
1149
1166
1172
1182
1192
1253
1269
1319
1329
1336
1338
1339
1372
1390
1407
1425
1457
1491
1492
1533
1567
1586
1600
1615
1630
1636
1668
1671
1683
1716
1753
1754
1764
1773
1799
1812
1948
1953
1962
1993
2009
2034
2095
2150
2156
2168
2186
2193
2203
2205
2214
2250
2256
2258
2283
2294
2303
2343
2354
2396
2425
2507
2532
2553
2561
2605
2622
2629
2665
2680
2681
2683
2684
2686
2690
2698
2699
2723
2732
2733
2745
2760
2761
2776
2779
2844
2860
2871
2891
2903
2937
2991
3029
3055
3076
3085
3097
3110
3155
3175
3211
3220
3223
3276
3286
3289
3309
3331
3355
3382
3386
3404
3413
3466
3476
3484
3490
3552
3567
3575
3582
3598
3660
3697
3774
3791
3857
3897
3905
3915
3953
3992
4013
4025
4143
4197
4204
4235
4256
4285
4301
4308
4321
4337
4341
4353
4359
4429
4465
4479
4480
4486
4511
4514
4538
4571
4577
4592
4596
4603
4615
4620
4644
4656
4666
4668
4676
4685
4688
4702
18
22
31
53
61
76
86
90
96
102
116
130
151
165
174
180
184
187
200
206
227
240
244
249
258
264
267
279
317
328
339
348
352
353
383
402
410
436
439
461
465
470
480
507
510
513
532
557
562
564
580
601
604
641
680
683
685
689
695
696
703
729
736
745
750
764
772
786
802
814
816
821
824
828
832
854
856
865
874
879
888
908
909
925
931
936
962
994
1006
1007
1023
1042
1045
1052
1070
1087
1089
1107
1110
1114
1148
1149
1155
1164
1166
1172
1182
1192
1202
1233
1235
1251
1252
1253
1269
1319
1329
1336
1338
1354
1358
1371
1372
1390
1400
1404
1407
1423
1424
1425
1443
1457
1458
1459
1485
1491
1492
1498
1533
1562
1565
1581
1586
1600
1615
1630
1656
1662
1668
1671
1683
1716
1753
1754
1802
1803
1809
1812
1824
1825
1867
1868
1873
1886
1887
1908
1938
1948
1953
1958
1962
1993
2004
2009
2034
2041
2057
2064
2095
2145
2150
2156
2168
2186
2193
2203
2214
2231
2247
2250
2256
2258
2262
2283
2293
2294
2314
2316
2324
2343
2348
2354
2364
2383
2396
2480
2497
2507
2510
2529
2532
2538
2550
2553
2561
2597
2605
2622
2629
2631
2665
2672
2679
2680
2681
2683
2684
2686
2690
2698
2699
2723
2733
2745
2747
2748
2758
2760
2761
2763
2770
2779
2798
2801
2810
2844
2847
2860
2865
2891
2892
2899
2903
2905
2916
2924
2932
2937
2984
2991
3023
3029
3038
3055
3076
3084
3085
3097
3110
3142
3155
3175
3211
3220
3229
3265
3276
3286
3288
3289
3309
3315
3321
3331
3337
3355
3369
3382
3386
3404
3413
3446
3466
3476
3484
3490
3510
3517
3552
3554
3565
3567
3578
3582
3589
3598
3605
3641
3643
3652
3660
3691
3697
3712
3725
3749
3750
3774
3807
3857
3889
3897
3905
3915
3929
3953
3966
3978
3982
3992
4013
4015
4025
4087
4098
4119
4122
4139
4143
4157
4173
4190
4197
4204
4205
4235
4237
4256
4285
4291
4301
4308
4315
4337
4341
4353
4359
4361
4389
4429
4449
4462
4465
4468
4479
4480
4500
4501
4504
4505
4511
4538
4541
4542
4571
4577
4592
4596
4603
4606
4608
4615
4620
4629
4644
4656
4666
4668
4676
4685
4688
4702
4713
41
61
77
151
191
206
227
231
244
245
251
283
301
334
342
378
397
423
461
507
522
532
554
561
586
593
599
639
644
678
680
689
753
755
763
788
874
909
925
936
948
987
1007
1061
1089
1107
1121
1127
1135
1155
1162
1192
1222
1267
1269
1301
1338
1349
1383
1443
1446
1459
1502
1570
1598
1616
1646
1656
1716
1760
1808
1810
1868
1873
1880
1886
1908
1923
1953
2004
2015
2017
2057
2059
2118
2119
2169
2186
2212
2254
2294
2303
2343
2354
2381
2404
2456
2472
2476
2487
2507
2538
2613
2629
2674
2676
2681
2687
2763
2821
2840
2860
2888
2892
2969
3018
3020
3055
3097
3130
3136
3286
3288
3476
3525
3552
3554
3582
3640
3660
3706
3718
3737
3756
3784
3791
3806
3893
3897
4008
4020
4098
4117
4157
4172
4202
4226
4296
4301
4308
4337
4341
4347
4353
4361
4373
4385
4468
4479
4483
4501
4535
4573
4596
4620
4683
4685
4686
63
86
119
128
137
191
208
223
231
235
283
423
507
517
573
625
874
889
1031
1049
1061
1074
1107
1133
1162
1199
1267
1269
1332
1338
1370
1384
1401
1424
1545
1567
1570
1648
1658
1695
1799
1816
1830
1849
1872
1880
1910
1918
1953
2000
2004
2022
2100
2130
2205
2216
2425
2432
2499
2613
2718
2754
2776
2800
2812
2836
2860
2892
2932
2977
2991
3016
3020
3033
3039
3061
3097
3233
3240
3278
3288
3310
3382
3447
3456
3465
3497
3515
3544
3575
3577
3629
3660
3714
3806
3893
3968
3976
3989
4081
4181
4226
4244
4250
4285
4296
4317
4319
4321
4347
4355
4426
4605
4618
4656
4702
1
8
17
42
104
118
128
159
191
201
216
217
223
230
235
301
348
397
422
433
444
494
517
546
622
627
629
646
678
687
734
750
758
801
839
867
891
936
950
975
992
1026
1031
1046
1049
1074
1099
1101
1107
1126
1138
1180
1185
1199
1269
1284
1300
1328
1338
1343
1354
1385
1394
1401
1434
1452
1477
1528
1545
1567
1607
1609
1625
1658
1670
1727
1812
1826
1843
1872
1880
1898
1914
1953
1994
2006
2012
2026
2029
2066
2152
2184
2250
2283
2298
2324
2336
2382
2395
2396
2398
2420
2425
2441
2449
2497
2555
2562
2598
2611
2632
2681
2729
2751
2768
2824
2846
2860
2909
2953
2977
2985
2986
3019
3025
3039
3047
3061
3097
3174
3233
3240
3242
3247
3278
3330
3345
3376
3414
3477
3501
3515
3518
3530
3558
3580
3598
3660
3672
3702
3728
3738
3842
3863
3899
3902
3989
4076
4099
4111
4113
4161
4232
4258
4271
4280
4285
4305
4319
4352
4353
4355
4384
4418
4483
4497
4541
4575
4588
4637
4657
4678
4724
1
8
17
32
42
79
85
104
118
159
182
191
201
215
216
217
230
235
246
286
301
307
326
342
348
358
371
375
383
388
397
422
433
444
474
481
494
498
533
535
546
596
622
627
629
646
652
678
680
687
734
740
750
758
762
775
800
801
816
839
851
861
867
874
886
891
936
950
975
977
992
1026
1031
1036
1046
1049
1099
1101
1107
1115
1126
1138
1142
1180
1185
1269
1273
1284
1292
1298
1300
1307
1328
1338
1343
1348
1354
1367
1374
1385
1394
1401
1424
1434
1452
1473
1477
1511
1516
1528
1530
1564
1607
1609
1622
1625
1658
1660
1670
1690
1696
1727
1738
1752
1756
1758
1772
1777
1812
1817
1826
1835
1843
1846
1872
1873
1880
1895
1898
1914
1930
1953
1981
1994
2006
2012
2026
2029
2030
2066
2150
2152
2180
2182
2184
2192
2250
2283
2298
2312
2324
2336
2341
2343
2348
2370
2382
2384
2395
2396
2398
2420
2429
2441
2449
2457
2489
2497
2519
2549
2555
2562
2563
2598
2611
2632
2635
2678
2681
2682
2695
2729
2743
2751
2768
2774
2787
2824
2843
2845
2846
2909
2915
2916
2952
2953
2977
2985
2986
3019
3025
3039
3047
3060
3061
3076
3081
3107
3142
3174
3178
3233
3240
3242
3247
3257
3278
3288
3308
3330
3345
3347
3350
3376
3377
3414
3423
3475
3477
3501
3518
3530
3531
3558
3562
3580
3598
3619
3630
3635
3657
3660
3671
3672
3702
3728
3738
3783
3801
3842
3863
3875
3895
3899
3902
3917
3969
3994
4007
4058
4076
4099
4111
4113
4126
4136
4137
4154
4193
4215
4232
4235
4237
4258
4267
4271
4274
4280
4285
4305
4319
4333
4334
4352
4353
4369
4371
4384
4418
4428
4462
4479
4497
4541
4572
4575
4588
4613
4637
4657
4678
4695
4724
30
85
86
137
174
191
208
235
238
279
283
423
461
470
513
546
646
680
687
839
851
874
889
905
931
1031
1049
1061
1107
1138
1162
1199
1245
1267
1269
1292
1305
1338
1370
1384
1401
1458
1545
1570
1586
1618
1622
1625
1658
1675
1756
1835
1849
1872
1873
1880
1886
1895
1910
1914
1918
1953
1994
2000
2022
2072
2100
2118
2130
2145
2256
2258
2262
2311
2316
2343
2348
2364
2395
2420
2432
2439
2451
2497
2499
2538
2597
2598
2613
2679
2682
2718
2798
2800
2812
2822
2836
2846
2847
2899
2905
2919
2932
2953
2991
3016
3020
3033
3061
3085
3097
3142
3234
3240
3257
3278
3310
3376
3414
3490
3510
3518
3544
3577
3629
3631
3660
3806
3852
3893
3905
3968
3976
4081
4143
4250
4291
4296
4317
4319
4328
4353
4379
4384
4426
4433
4449
4547
4605
4618
4656
4686
4702
78
119
133
149
151
211
244
330
354
423
525
527
566
617
645
654
908
1008
1047
1061
1107
1162
1211
1269
1338
1397
1400
1403
1533
1546
1570
1618
1731
1763
1872
1919
1953
1994
2000
2008
2020
2071
2079
2231
2274
2445
2691
2738
2782
2817
2865
2892
3020
3049
3061
3097
3139
3161
3220
3233
3240
3445
3567
3634
3660
3741
3806
3816
3892
3893
3941
4041
4061
4145
4215
4296
4325
4382
4393
4416
4480
4485
4667
21
24
78
113
121
128
133
137
148
208
247
271
295
354
384
438
457
469
475
529
612
625
628
630
792
817
853
935
965
1020
1047
1058
1073
1076
1107
1111
1174
1221
1229
1255
1269
1278
1320
1338
1364
1377
1396
1412
1427
1461
1515
1517
1573
1641
1731
1732
1735
1745
1759
1872
1890
1918
1929
1953
1994
2005
2023
2033
2056
2071
2079
2167
2247
2249
2323
2425
2434
2492
2500
2559
2580
2742
2771
2773
2776
2785
2800
2817
2873
2916
2927
2943
3058
3097
3151
3161
3171
3199
3200
3201
3233
3239
3240
3326
3332
3360
3361
3366
3382
3406
3418
3498
3585
3596
3598
3619
3629
3653
3660
3760
3761
3822
3869
3892
3941
3971
4017
4038
4041
4054
4090
4092
4102
4144
4191
4192
4214
4224
4238
4271
4276
4295
4327
4340
4385
4394
4398
4416
4423
4452
4467
4540
4548
4625
21
24
55
60
67
78
113
121
133
139
148
149
208
247
261
271
285
295
338
372
380
384
390
409
438
457
469
475
507
518
529
546
566
572
612
628
630
632
768
792
800
817
853
885
915
935
945
956
965
972
1008
1013
1020
1058
1073
1076
1100
1107
1111
1113
1174
1203
1220
1221
1229
1248
1255
1260
1269
1278
1302
1320
1338
1360
1364
1377
1396
1412
1424
1427
1461
1475
1515
1517
1573
1634
1635
1641
1705
1724
1731
1732
1735
1759
1796
1818
1872
1873
1880
1882
1890
1916
1927
1929
1953
1982
1994
2003
2005
2023
2033
2050
2054
2056
2076
2113
2151
2167
2211
2232
2247
2249
2287
2321
2323
2325
2343
2348
2361
2408
2434
2492
2500
2527
2559
2572
2580
2610
2682
2693
2738
2742
2771
2773
2776
2782
2785
2800
2844
2873
2916
2923
2927
2928
2943
3048
3058
3068
3097
3151
3163
3164
3171
3196
3199
3200
3201
3233
3239
3240
3252
3314
3326
3332
3360
3361
3366
3367
3387
3391
3406
3418
3455
3498
3548
3550
3560
3585
3596
3619
3623
3634
3639
3653
3660
3685
3751
3760
3761
3783
3803
3822
3869
3887
3892
3920
3923
3954
3971
4017
4038
4054
4062
4068
4073
4090
4092
4102
4118
4144
4174
4189
4191
4192
4214
4223
4224
4238
4242
4271
4276
4295
4323
4327
4340
4363
4385
4394
4398
4416
4423
4452
4467
4480
4485
4540
4548
4549
4572
4593
4625
4710
21
44
78
102
133
149
151
211
216
244
330
354
423
469
485
525
566
617
627
645
654
678
851
874
908
1008
1047
1061
1107
1162
1211
1269
1320
1325
1338
1400
1403
1477
1498
1533
1546
1618
1731
1872
1873
1880
1895
1916
1919
1953
1994
2000
2029
2071
2079
2231
2274
2384
2445
2449
2500
2527
2550
2682
2723
2738
2742
2773
2779
2782
2817
2865
3020
3049
3097
3139
3161
3220
3233
3350
3406
3567
3585
3634
3657
3660
3741
3749
3816
3887
3892
3893
3941
4011
4013
4041
4061
4082
4215
4296
4325
4353
4382
4416
4480
4485
4540
4542
4577
109
119
128
414
434
543
655
739
765
1061
1107
1267
1269
1338
1733
1875
1919
1953
2136
2277
2330
2396
2438
2453
2617
2634
2749
2820
2860
2890
2976
3020
3061
3088
3097
3214
3244
3288
3294
3312
3382
3394
3415
3445
3515
3660
3806
4220
4243
4296
4321
4348
4385
4477
4547
4586
4710
168
228
255
274
413
506
515
543
621
625
627
673
686
714
765
796
807
840
843
894
896
1019
1084
1107
1123
1133
1156
1200
1219
1228
1244
1247
1269
1311
1335
1338
1417
1537
1593
1642
1688
1745
1747
1779
1795
1799
1822
1828
1872
1875
1881
1953
1966
1979
1991
1992
2036
2074
2089
2121
2195
2239
2261
2282
2291
2331
2334
2344
2437
2449
2453
2518
2558
2569
2583
2649
2660
2794
2828
2831
2844
2920
2929
2951
2965
3004
3056
3097
3102
3109
3142
3154
3160
3207
3214
3216
3267
3291
3294
3382
3515
3518
3549
3551
3584
3651
3654
3660
3683
3693
3723
3742
3771
3793
3817
3827
3938
3941
4000
4007
4028
4034
4043
4084
4129
4211
4258
4265
4311
4321
4344
4355
4399
4423
4463
4547
4564
4579
4586
4696
4702
4705
4706
93
128
135
167
168
172
228
239
255
274
332
409
413
496
506
515
543
572
621
627
673
686
714
716
739
796
807
808
840
843
874
894
896
918
976
1019
1048
1084
1100
1107
1156
1200
1201
1219
1228
1239
1244
1247
1262
1269
1311
1317
1335
1338
1417
1424
1537
1539
1593
1608
1642
1655
1659
1688
1747
1779
1795
1822
1828
1873
1881
1905
1953
1966
1979
1991
1992
2036
2074
2089
2100
2121
2136
2164
2166
2195
2200
2202
2209
2239
2261
2282
2291
2331
2334
2343
2344
2376
2437
2449
2453
2454
2455
2503
2513
2518
2558
2567
2569
2583
2649
2660
2688
2717
2794
2828
2831
2844
2862
2892
2916
2917
2920
2929
2930
2951
2965
3004
3046
3056
3058
3088
3097
3102
3109
3142
3154
3160
3207
3214
3216
3236
3262
3267
3288
3291
3294
3296
3395
3421
3443
3445
3488
3518
3549
3551
3584
3651
3654
3660
3683
3693
3723
3742
3771
3793
3817
3827
3866
3887
3911
3938
3945
3977
3989
3995
4000
4007
4011
4028
4034
4043
4077
4084
4129
4165
4199
4211
4243
4258
4265
4293
4311
4344
4399
4423
4448
4463
4471
4547
4562
4564
4579
4586
4591
4696
4702
4705
4706
55
109
274
414
422
434
543
546
601
629
632
655
678
739
745
772
1061
1107
1228
1267
1269
1338
1434
1546
1642
1733
1779
1819
1873
1991
2100
2136
2195
2277
2330
2334
2343
2348
2396
2424
2438
2449
2453
2471
2583
2617
2634
2681
2682
2749
2820
2831
2890
2955
2976
3025
3047
3056
3061
3088
3097
3214
3244
3294
3312
3394
3415
3493
3518
3549
3660
3693
3966
3989
4007
4092
4126
4129
4139
4165
4217
4220
4243
4252
4333
4348
4385
4477
4564
4586
4710
3
63
124
262
265
283
293
346
363
416
465
479
554
655
670
765
850
900
914
936
1061
1107
1118
1119
1214
1222
1269
1271
1281
1294
1338
1366
1486
1570
1816
1829
1885
1912
1939
1944
1980
2108
2267
2316
2528
2535
2754
2860
2892
2987
3020
3061
3080
3097
3214
3240
3288
3381
3382
3445
3515
3660
3714
3747
3785
3805
3806
3837
3838
3893
3906
3989
4079
4110
4142
4194
4226
4296
4299
4328
4347
4360
4499
4530
4550
4648
4681
4701
4
36
143
202
571
656
744
750
848
874
914
917
936
946
1025
1088
1107
1118
1141
1183
1243
1265
1269
1285
1338
1376
1428
1525
1683
1801
1852
1928
2039
2137
2163
2268
2283
2316
2340
2396
2438
2595
2618
2718
2731
3043
3049
3056
3061
3097
3152
3154
3214
3240
3251
3382
3504
3515
3595
3660
3681
3690
3720
3796
3866
4110
4196
4209
4282
4328
4360
4378
4393
4499
4530
4543
4568
4590
4682
4
13
36
91
107
128
143
156
184
194
202
214
237
247
252
274
403
405
411
454
458
497
502
516
532
571
656
719
728
744
747
750
765
791
828
848
852
861
874
914
917
936
938
946
957
984
1025
1088
1107
1118
1141
1153
1171
1172
1173
1183
1201
1218
1236
1243
1249
1265
1269
1285
1287
1312
1316
1338
1340
1354
1359
1362
1376
1392
1428
1489
1493
1520
1525
1532
1537
1538
1546
1553
1577
1589
1594
1601
1604
1643
1651
1654
1665
1683
1714
1748
1782
1801
1836
1852
1873
1877
1885
1913
1924
1925
1928
1941
1981
2010
2021
2039
2078
2085
2108
2127
2137
2140
2146
2150
2158
2163
2170
2196
2239
2248
2260
2268
2270
2283
2288
2292
2304
2310
2320
2338
2340
2343
2355
2356
2376
2388
2396
2438
2440
2481
2556
2559
2595
2618
2651
2656
2709
2718
2731
2748
2750
2833
2878
2880
2888
2920
2938
2947
3028
3043
3049
3056
3061
3078
3097
3110
3114
3126
3140
3142
3152
3154
3189
3205
3251
3276
3288
3321
3340
3382
3385
3403
3412
3427
3432
3459
3463
3470
3502
3503
3504
3507
3515
3572
3584
3595
3637
3660
3681
3688
3690
3701
3720
3727
3742
3752
3758
3796
3809
3813
3815
3837
3866
3879
3918
3927
3935
3939
3957
3980
3982
3993
4071
4081
4095
4099
4110
4153
4164
4196
4207
4209
4234
4245
4282
4294
4328
4360
4378
4439
4470
4499
4503
4509
4536
4543
4568
4581
4590
4638
4652
4654
4682
3
75
124
262
265
274
293
346
363
416
465
479
490
498
532
554
627
630
655
680
703
730
765
811
850
874
900
914
918
936
1026
1061
1101
1107
1119
1200
1214
1246
1269
1271
1281
1294
1310
1338
1366
1486
1489
1491
1553
1570
1573
1577
1696
1816
1828
1829
1873
1925
1941
1944
1948
1980
2021
2072
2108
2163
2260
2261
2267
2268
2283
2321
2343
2348
2481
2528
2535
2597
2613
2651
2656
2682
2733
2860
2947
2960
2984
2987
3014
3020
3056
3061
3076
3080
3097
3214
3240
3276
3288
3327
3381
3455
3459
3466
3488
3551
3619
3660
3720
3728
3742
3772
3774
3805
3806
3837
3838
3866
3887
3893
3906
3980
3982
4082
4110
4142
4194
4201
4226
4296
4299
4328
4347
4439
4479
4509
4550
4581
4606
4648
4681
4682
4701
4702
3
63
64
126
280
283
346
359
457
554
570
575
581
624
625
642
655
658
668
705
711
729
751
755
762
800
831
842
936
958
980
984
1021
1061
1066
1104
1107
1135
1190
1239
1269
1338
1358
1424
1436
1439
1462
1518
1528
1570
1575
1584
1615
1617
1636
1716
1735
1845
1848
1849
1899
1917
1920
1953
2004
2088
2100
2118
2240
2261
2396
2409
2425
2450
2503
2514
2613
2622
2754
2776
2845
2860
2891
2896
2940
3012
3020
3056
3063
3097
3113
3214
3227
3249
3288
3290
3317
3318
3371
3382
3384
3459
3515
3555
3569
3590
3607
3638
3660
3673
3699
3714
3740
3742
3765
3806
3889
3893
3906
3959
4035
4074
4083
4099
4110
4118
4142
4146
4164
4226
4240
4241
4265
4283
4296
4321
4336
4381
4404
4472
4492
4499
4506
4530
4556
4557
4558
4572
4582
4630
4660
20
64
80
110
126
128
178
292
403
453
457
508
536
554
572
625
627
642
668
678
831
874
897
920
990
1075
1107
1145
1151
1168
1190
1269
1282
1325
1330
1338
1397
1502
1514
1518
1542
1584
1617
1636
1728
1770
1803
1814
1816
1830
1840
1841
1847
1848
1865
1878
1912
1925
1944
1945
1953
2004
2100
2172
2206
2261
2264
2283
2285
2319
2343
2348
2425
2429
2440
2445
2490
2509
2514
2699
2791
2807
2818
2827
2851
2870
2892
2916
3028
3047
3056
3077
3097
3143
3182
3206
3214
3227
3245
3288
3318
3382
3384
3459
3515
3660
3673
3699
3790
3838
3840
3882
3916
3933
3989
4037
4055
4063
4070
4079
4085
4110
4138
4142
4213
4226
4241
4259
4302
4321
4349
4381
4385
4404
4530
4544
4556
4582
4671
4709
5
20
38
43
46
49
64
65
70
73
80
81
82
110
111
126
154
174
178
189
222
225
272
292
307
323
325
369
382
403
409
445
450
453
457
483
490
500
508
509
520
521
536
547
554
564
572
575
602
620
627
638
642
648
668
670
675
678
679
690
698
702
711
724
750
765
799
808
831
859
873
874
886
887
897
899
919
920
937
940
941
974
979
990
991
1021
1027
1028
1037
1039
1048
1066
1075
1091
1104
1107
1116
1117
1145
1148
1150
1151
1161
1163
1168
1176
1182
1205
1223
1230
1257
1259
1269
1274
1282
1287
1288
1291
1295
1309
1310
1325
1330
1331
1338
1344
1354
1356
1394
1397
1415
1424
1430
1440
1452
1459
1471
1487
1501
1502
1514
1522
1542
1546
1548
1568
1573
1583
1584
1628
1631
1661
1669
1679
1709
1716
1728
1730
1765
1770
1784
1803
1814
1816
1824
1838
1839
1840
1841
1847
1848
1860
1865
1869
1873
1878
1879
1899
1912
1925
1945
1953
1967
1970
1974
2004
2018
2025
2035
2061
2091
2098
2100
2129
2172
2175
2206
2245
2252
2257
2261
2263
2264
2283
2285
2299
2318
2319
2329
2331
2343
2346
2348
2368
2375
2376
2391
2396
2409
2418
2425
2426
2429
2437
2440
2445
2448
2485
2490
2509
2514
2534
2537
2538
2556
2559
2564
2566
2597
2604
2615
2624
2658
2668
2697
2699
2721
2725
2776
2791
2793
2807
2818
2827
2851
2867
2870
2885
2916
2917
2938
2954
3026
3027
3028
3038
3047
3056
3057
3063
3077
3085
3096
3097
3101
3107
3128
3134
3143
3156
3157
3165
3182
3206
3214
3218
3227
3236
3245
3250
3258
3269
3274
3288
3293
3321
3326
3341
3358
3365
3382
3384
3400
3424
3438
3445
3458
3488
3511
3515
3532
3533
3543
3545
3553
3557
3561
3584
3597
3600
3650
3660
3665
3670
3673
3687
3699
3713
3721
3724
3730
3752
3773
3790
3795
3800
3818
3828
3833
3838
3840
3867
3872
3882
3904
3914
3916
3933
3947
4012
4037
4042
4055
4060
4063
4070
4074
4079
4081
4085
4099
4109
4110
4138
4142
4146
4164
4188
4213
4219
4226
4227
4230
4237
4240
4241
4257
4259
4271
4283
4284
4295
4302
4320
4326
4332
4336
4349
4354
4356
4381
4385
4390
4395
4400
4404
4416
4420
4459
4465
4469
4488
4504
4528
4533
4544
4551
4556
4558
4569
4582
4585
4604
4611
4633
4637
4639
4660
4665
4671
4687
4691
4709
4717
3
81
82
111
128
161
178
222
272
280
346
507
508
521
554
570
575
577
581
642
655
668
675
678
711
729
755
762
765
796
800
856
859
874
936
962
984
1021
1028
1061
1100
1107
1114
1135
1229
1239
1253
1257
1269
1298
1310
1325
1338
1358
1439
1528
1570
1575
1584
1615
1663
1669
1716
1728
1735
1784
1828
1838
1849
1873
1899
1913
1925
1937
1953
1992
2000
2004
2072
2098
2118
2180
2240
2251
2270
2283
2343
2348
2375
2396
2409
2429
2440
2503
2514
2538
2559
2613
2622
2845
2860
2891
3012
3020
3056
3061
3063
3097
3100
3101
3182
3214
3218
3227
3288
3371
3384
3455
3458
3459
3515
3562
3637
3652
3660
3673
3742
3806
3818
3840
3882
3889
3893
3906
3916
3959
4030
4037
4074
4082
4085
4099
4118
4119
4142
4146
4154
4164
4183
4196
4201
4205
4226
4240
4259
4265
4296
4336
4416
4449
4488
4492
4533
4548
4558
4572
4582
4608
4654
4660
37
126
279
389
423
457
500
560
581
640
655
715
733
773
784
829
859
895
899
967
997
1029
1089
1107
1185
1269
1338
1482
1575
1673
1691
1726
1741
1768
1769
1854
1871
1915
1953
1971
2004
2013
2027
2124
2226
2241
2373
2401
2428
2450
2593
2706
2766
2776
2780
2800
2826
2860
2868
2908
2944
3010
3033
3056
3069
3097
3108
3123
3148
3199
3214
3222
3237
3261
3373
3379
3382
3416
3420
3445
3514
3515
3628
3659
3660
3719
3727
3765
3861
3866
3989
4009
4078
4169
4216
4221
4328
4429
4474
4521
4537
4541
4582
4664
4672
34
37
52
126
213
256
420
437
560
625
775
882
997
1107
1124
1156
1194
1269
1338
1408
1575
1578
1640
1673
1685
1691
1726
1730
1733
1785
1800
1827
1856
1953
2004
2160
2188
2240
2241
2248
2283
2354
2401
2458
2478
2617
2776
2780
2811
2868
2908
2944
3012
3041
3056
3097
3108
3214
3237
3351
3382
3383
3399
3458
3628
3646
3660
3719
3765
3851
3928
3930
3989
4009
4024
4030
4078
4253
4321
4343
4407
4438
4443
4489
4492
4597
23
34
37
52
62
83
128
146
171
192
213
218
233
256
263
282
296
336
381
412
420
437
555
613
637
684
699
722
723
735
743
770
775
810
826
827
858
862
863
882
890
910
933
940
970
974
983
1005
1006
1068
1071
1095
1102
1107
1124
1141
1154
1156
1194
1209
1240
1268
1269
1283
1313
1338
1351
1354
1363
1408
1466
1481
1490
1495
1505
1556
1572
1578
1640
1673
1685
1691
1692
1713
1726
1730
1733
1769
1785
1790
1800
1827
1856
1871
1873
1888
1897
1925
1952
1953
1965
1986
2004
2040
2061
2062
2073
2087
2100
2108
2109
2133
2134
2160
2173
2188
2199
2203
2207
2241
2248
2250
2271
2275
2281
2283
2286
2313
2343
2354
2380
2385
2389
2396
2401
2422
2458
2460
2461
2470
2478
2505
2554
2559
2575
2617
2627
2640
2677
2685
2776
2780
2799
2802
2806
2811
2829
2879
2887
2944
2946
2949
2963
2966
3015
3024
3032
3041
3056
3086
3107
3108
3146
3177
3199
3208
3213
3214
3222
3237
3241
3248
3253
3260
3306
3321
3351
3382
3383
3399
3419
3458
3464
3610
3616
3628
3633
3642
3646
3660
3719
3729
3732
3734
3765
3779
3851
3928
3930
3942
3952
3989
4009
4019
4024
4030
4063
4064
4078
4128
4139
4197
4212
4225
4246
4253
4312
4322
4343
4407
4408
4409
4416
4438
4443
4451
4466
4476
4489
4492
4515
4518
4526
4536
4537
4544
4572
4597
4623
4650
4660
4669
4692
4715
4716
4722
37
49
67
93
118
128
178
382
389
450
457
498
500
581
627
640
715
723
733
743
773
775
784
829
859
874
895
899
910
936
967
1029
1089
1107
1108
1185
1195
1269
1310
1331
1338
1363
1408
1415
1466
1481
1482
1501
1575
1691
1726
1741
1768
1769
1854
1871
1873
1882
1915
1925
1928
1953
1971
2004
2013
2027
2118
2124
2207
2226
2241
2283
2343
2373
2376
2401
2428
2429
2461
2478
2580
2593
2658
2685
2706
2766
2776
2780
2800
2826
2829
2860
2878
2908
2914
2944
2949
3010
3033
3047
3056
3069
3085
3086
3097
3102
3108
3123
3148
3199
3214
3222
3237
3253
3261
3314
3351
3373
3379
3400
3416
3420
3484
3543
3616
3628
3659
3660
3719
3727
3751
3765
3861
3866
3867
3882
3939
4009
4011
4030
4070
4082
4102
4122
4196
4216
4221
4232
4328
4416
4429
4474
4521
4537
4541
4575
4582
4623
4664
4672
4706
4715
10
48
95
105
126
176
220
223
231
272
294
298
303
331
333
342
346
423
424
432
441
468
554
610
625
655
668
678
710
727
780
829
831
895
936
957
964
1061
1062
1066
1107
1135
1175
1266
1269
1325
1338
1380
1388
1432
1441
1442
1463
1479
1482
1512
1529
1563
1570
1575
1584
1617
1707
1783
1848
1849
1937
1947
1949
1953
1956
2000
2004
2024
2038
2051
2055
2065
2100
2174
2194
2205
2225
2261
2362
2363
2365
2373
2396
2410
2422
2425
2448
2450
2501
2514
2530
2538
2545
2593
2599
2613
2637
2646
2652
2698
2826
2842
2934
2969
3010
3020
3022
3030
3033
3056
3063
3069
3089
3095
3097
3113
3115
3148
3149
3177
3214
3232
3263
3285
3288
3292
3302
3313
3318
3359
3371
3375
3379
3400
3449
3459
3492
3497
3499
3515
3611
3659
3660
3690
3720
3740
3806
3855
3861
3891
3893
3906
3943
3946
3948
3950
3951
3959
3982
3991
3997
4027
4079
4081
4096
4100
4142
4195
4201
4216
4247
4270
4272
4296
4303
4306
4321
4381
4403
4404
4430
4432
4447
4474
4493
4502
4510
4521
4539
4559
4561
4652
4660
4673
4717
4722
8
9
10
14
25
68
105
120
126
203
220
221
228
268
272
273
274
281
291
294
303
331
342
361
368
387
394
401
404
420
423
431
437
441
459
472
492
499
512
527
554
555
559
564
572
590
606
609
625
636
655
668
678
721
761
776
780
812
820
831
841
874
877
881
886
926
930
936
940
943
949
989
995
1030
1045
1055
1060
1064
1090
1097
1107
1134
1215
1224
1225
1234
1250
1264
1269
1287
1297
1325
1328
1338
1362
1380
1381
1389
1405
1424
1442
1447
1450
1480
1482
1521
1537
1546
1561
1566
1570
1575
1590
1595
1596
1612
1617
1620
1621
1633
1667
1677
1678
1694
1703
1712
1746
1767
1770
1775
1783
1794
1804
1817
1820
1841
1848
1874
1878
1902
1906
1917
1936
1953
1986
2001
2013
2016
2019
2026
2049
2069
2070
2090
2191
2196
2205
2215
2248
2266
2272
2283
2289
2315
2328
2343
2345
2374
2376
2386
2396
2399
2402
2425
2443
2446
2468
2501
2511
2533
2538
2545
2590
2626
2653
2694
2700
2715
2718
2726
2762
2792
2796
2861
2874
2920
2931
2935
2948
2969
2994
3030
3031
3056
3064
3097
3107
3108
3128
3141
3162
3175
3210
3214
3246
3280
3282
3283
3288
3297
3302
3311
3318
3319
3329
3343
3359
3383
3459
3468
3473
3499
3505
3526
3534
3553
3583
3584
3591
3611
3621
3644
3660
3662
3664
3678
3684
3686
3717
3719
3720
3740
3763
3765
3770
3856
3864
3866
3891
3909
3950
3958
3963
3964
3974
3982
4030
4035
4047
4072
4093
4100
4106
4111
4142
4158
4168
4187
4236
4255
4257
4270
4273
4286
4303
4375
4381
4394
4404
4417
4430
4473
4474
4493
4512
4561
4587
4632
4641
4652
4673
4686
4698
8
9
14
20
25
68
97
120
157
203
220
221
228
241
268
272
273
274
281
291
303
322
331
337
342
343
361
368
379
387
394
401
403
404
407
420
423
431
437
441
457
459
462
467
472
473
492
495
499
503
512
534
542
549
555
559
564
572
590
606
609
636
644
649
659
661
664
668
678
693
694
718
721
761
769
776
780
808
812
820
841
847
874
877
881
886
892
906
912
922
926
930
940
943
949
953
970
989
995
996
1030
1045
1050
1055
1059
1060
1061
1066
1078
1090
1097
1103
1107
1134
1204
1207
1215
1224
1225
1234
1250
1257
1264
1269
1287
1297
1318
1325
1328
1338
1362
1368
1375
1381
1389
1395
1402
1405
1424
1442
1447
1450
1451
1456
1465
1468
1480
1482
1487
1492
1521
1537
1546
1549
1560
1561
1566
1590
1595
1596
1610
1612
1620
1621
1633
1644
1667
1677
1678
1684
1689
1694
1703
1708
1712
1746
1761
1767
1770
1771
1775
1783
1794
1798
1801
1804
1805
1817
1820
1841
1857
1873
1874
1878
1901
1902
1906
1909
1917
1925
1936
1953
1986
2001
2004
2013
2016
2018
2019
2026
2038
2044
2049
2056
2060
2069
2070
2090
2116
2117
2138
2183
2187
2191
2196
2215
2248
2250
2266
2269
2272
2276
2278
2283
2289
2302
2305
2309
2315
2328
2339
2343
2345
2365
2366
2374
2376
2386
2396
2399
2402
2414
2431
2443
2446
2468
2501
2511
2512
2520
2533
2538
2540
2557
2571
2590
2612
2624
2626
2646
2653
2655
2663
2692
2694
2700
2715
2718
2726
2762
2768
2769
2792
2796
2861
2874
2910
2920
2925
2926
2931
2934
2935
2948
2968
2969
2994
3013
3030
3031
3051
3056
3064
3094
3097
3107
3128
3141
3159
3162
3168
3175
3191
3208
3214
3246
3248
3277
3280
3282
3283
3288
3297
3302
3311
3313
3319
3321
3324
3329
3343
3353
3359
3374
3383
3395
3400
3411
3439
3459
3468
3473
3479
3499
3505
3526
3528
3534
3553
3563
3564
3576
3583
3584
3586
3591
3594
3621
3622
3644
3647
3660
3662
3664
3678
3684
3686
3703
3704
3717
3719
3720
3731
3740
3753
3763
3770
3782
3811
3828
3836
3851
3855
3856
3864
3866
3881
3893
3909
3924
3950
3958
3963
3964
3974
3982
3983
3997
4003
4021
4027
4030
4032
4035
4047
4069
4072
4093
4106
4111
4134
4140
4152
4158
4163
4168
4187
4209
4236
4255
4257
4270
4273
4282
4286
4303
4304
4339
4361
4367
4375
4380
4381
4394
4403
4412
4417
4422
4430
4432
4449
4454
4473
4474
4495
4498
4504
4512
4524
4554
4561
4562
4587
4614
4632
4638
4640
4641
4652
4660
4698
4706
4721
10
48
95
105
174
176
231
272
274
298
303
323
331
342
346
410
411
424
432
437
441
445
468
534
536
547
554
559
606
625
641
655
668
678
710
727
728
776
780
783
814
829
874
881
886
895
910
936
957
964
1055
1061
1062
1066
1073
1107
1175
1221
1227
1250
1257
1259
1266
1269
1325
1338
1388
1413
1432
1441
1442
1459
1463
1465
1468
1475
1479
1482
1485
1512
1563
1570
1575
1584
1589
1596
1628
1659
1694
1707
1770
1783
1841
1873
1879
1925
1937
1947
1949
1953
1970
2000
2004
2016
2024
2034
2038
2051
2055
2065
2118
2174
2193
2194
2209
2225
2248
2257
2261
2269
2281
2283
2305
2343
2346
2348
2362
2363
2365
2373
2376
2396
2410
2422
2443
2448
2514
2530
2533
2538
2559
2593
2599
2613
2637
2646
2652
2663
2698
2728
2776
2796
2799
2807
2826
2842
2934
2967
2969
3010
3013
3022
3030
3033
3056
3063
3089
3094
3095
3115
3148
3160
3177
3214
3232
3263
3285
3288
3292
3302
3313
3328
3359
3371
3375
3379
3399
3400
3449
3455
3459
3492
3499
3511
3516
3557
3591
3611
3646
3659
3660
3665
3690
3699
3717
3719
3720
3806
3836
3855
3861
3866
3891
3893
3906
3933
3943
3946
3948
3950
3951
3959
3982
3991
3997
4027
4076
4079
4087
4096
4100
4109
4140
4142
4195
4201
4209
4216
4225
4253
4270
4272
4276
4293
4296
4303
4306
4328
4381
4404
4412
4430
4438
4459
4466
4474
4502
4503
4521
4547
4554
4559
4561
4652
4660
4717
4722
3
90
272
279
319
329
342
343
462
498
505
532
554
564
579
582
609
694
808
895
933
947
949
952
955
972
1017
1056
1060
1107
1109
1124
1146
1209
1218
1237
1247
1269
1271
1283
1295
1309
1310
1312
1338
1512
1570
1584
1602
1624
1708
1712
1790
1805
1818
1849
1866
1942
1953
1956
1959
1965
2004
2011
2060
2070
2073
2175
2199
2233
2238
2261
2315
2365
2396
2406
2451
2491
2577
2640
2642
2643
2649
2655
2663
2728
2752
2771
2826
2962
3010
3033
3043
3056
3061
3065
3079
3108
3131
3137
3202
3214
3225
3371
3379
3384
3395
3515
3546
3614
3615
3645
3660
3733
3738
3755
3769
3776
3806
3834
3861
3893
3906
3907
4012
4023
4030
4079
4091
4099
4101
4110
4125
4142
4168
4195
4216
4264
4271
4361
4396
4403
4418
4511
4532
4651
4660
4717
105
223
287
294
309
505
532
597
625
750
761
803
829
929
936
955
980
1017
1056
1061
1102
1107
1131
1263
1269
1338
1342
1354
1482
1529
1575
1584
1645
1866
1937
1939
1957
1961
2051
2065
2221
2273
2410
2425
2450
2470
2514
2577
2588
2593
2634
2697
2752
2754
2855
2886
2962
2993
3008
3056
3061
3072
3108
3113
3115
3137
3174
3198
3214
3249
3384
3457
3497
3515
3593
3660
3714
3740
3755
3775
3776
3858
3870
3884
3898
4110
4142
4261
4269
4321
4403
4447
4472
4499
4510
4532
4536
4545
4572
4589
4595
4601
4651
4657
4660
4717
15
33
54
87
97
114
141
154
212
244
287
297
309
316
320
329
342
364
373
376
406
409
419
426
462
532
544
582
587
597
614
619
693
750
761
782
787
793
798
803
815
819
829
929
941
955
959
976
980
995
1014
1024
1056
1061
1078
1083
1085
1092
1100
1102
1105
1107
1114
1122
1131
1136
1141
1157
1160
1196
1208
1224
1237
1238
1258
1263
1269
1293
1338
1341
1342
1354
1391
1438
1451
1459
1464
1482
1547
1559
1575
1584
1615
1645
1649
1680
1684
1700
1719
1766
1778
1811
1818
1853
1855
1862
1866
1873
1876
1889
1913
1925
1953
1955
1957
1961
1987
1988
2043
2051
2065
2067
2100
2154
2162
2173
2221
2238
2264
2273
2343
2350
2351
2365
2385
2390
2406
2422
2423
2451
2459
2463
2468
2470
2473
2479
2491
2504
2506
2525
2554
2574
2577
2588
2593
2602
2607
2634
2651
2659
2663
2673
2697
2721
2728
2734
2735
2752
2756
2783
2789
2808
2830
2844
2855
2886
2900
2916
2920
2933
2957
2988
2993
3008
3041
3056
3061
3072
3097
3108
3115
3125
3135
3137
3138
3174
3176
3185
3198
3199
3202
3214
3221
3243
3299
3316
3370
3384
3393
3403
3425
3457
3480
3486
3515
3579
3580
3592
3593
3602
3604
3606
3615
3632
3645
3660
3663
3666
3668
3672
3731
3740
3755
3768
3775
3780
3821
3828
3851
3858
3870
3884
3898
3939
3965
3967
3996
4001
4002
4059
4086
4087
4088
4104
4110
4112
4114
4116
4142
4149
4261
4269
4271
4282
4350
4365
4376
4388
4391
4403
4447
4460
4491
4532
4536
4545
4546
4572
4595
4601
4610
4631
4643
4651
4657
4660
4668
4681
4707
4717
4719
3
90
272
319
329
337
342
343
458
462
498
502
532
554
564
579
582
587
609
694
736
750
808
895
933
947
949
955
972
983
1056
1060
1107
1124
1146
1209
1218
1237
1247
1259
1269
1283
1295
1309
1310
1312
1325
1338
1391
1512
1570
1584
1602
1708
1712
1778
1790
1805
1811
1818
1849
1873
1925
1953
1959
1965
2004
2011
2060
2070
2073
2175
2199
2238
2239
2261
2276
2315
2343
2350
2365
2396
2406
2423
2451
2491
2571
2613
2640
2642
2649
2655
2663
2728
2752
2771
2826
2962
3010
3033
3043
3056
3061
3097
3108
3131
3137
3199
3202
3214
3288
3371
3379
3395
3515
3546
3614
3615
3645
3660
3684
3733
3738
3806
3834
3861
3893
4012
4023
4030
4079
4091
4101
4142
4164
4168
4195
4216
4264
4271
4280
4356
4361
4396
4418
4511
4532
4652
4660
121
170
210
223
272
279
305
340
341
342
512
514
583
625
653
697
700
724
738
750
831
949
955
997
1067
1107
1114
1136
1212
1269
1293
1325
1338
1402
1419
1512
1570
1575
1584
1620
1673
1700
1737
1832
1893
1899
1953
1983
2019
2100
2221
2450
2475
2701
2791
2794
2859
2889
2958
3004
3056
3097
3108
3135
3162
3181
3214
3396
3462
3485
3587
3617
3660
3689
3707
3725
3806
3808
3835
3859
3893
3895
3906
3926
4097
4098
4123
4198
4296
4368
4419
4461
4538
4594
4602
4641
4652
6
99
106
199
223
303
305
329
341
342
389
398
408
418
476
625
758
831
855
932
955
961
991
997
998
1027
1056
1057
1067
1107
1109
1208
1231
1254
1256
1269
1338
1419
1430
1482
1524
1569
1673
1674
1697
1740
1899
1937
2161
2176
2283
2343
2372
2450
2467
2475
2617
2673
2701
2727
2754
2759
2788
2877
2920
2943
2964
2999
3036
3056
3105
3107
3108
3121
3179
3214
3248
3256
3272
3333
3417
3462
3465
3485
3497
3515
3519
3587
3588
3660
3689
3785
3799
3808
3835
4018
4091
4097
4168
4266
4351
4403
4436
4461
4508
4513
4570
4594
4599
4693
4720
6
99
106
145
153
199
223
256
269
302
303
305
329
342
360
388
398
408
418
440
446
476
489
514
524
669
676
693
707
725
758
761
771
831
838
855
932
940
955
961
968
981
991
998
1012
1027
1056
1057
1067
1107
1109
1152
1178
1179
1180
1208
1231
1254
1256
1269
1337
1338
1422
1424
1430
1455
1459
1467
1482
1503
1524
1569
1588
1599
1639
1656
1674
1680
1684
1694
1697
1740
1824
1842
1873
1899
1903
1911
1913
1925
1953
2014
2033
2043
2126
2161
2176
2239
2283
2337
2343
2349
2359
2372
2376
2377
2396
2399
2444
2446
2450
2477
2514
2578
2617
2673
2701
2722
2727
2755
2759
2788
2814
2844
2876
2877
2920
2943
2964
2990
2993
2999
3036
3037
3056
3085
3097
3105
3107
3108
3121
3125
3132
3170
3179
3184
3194
3212
3214
3248
3256
3272
3305
3333
3363
3378
3403
3417
3445
3455
3462
3515
3519
3587
3588
3599
3601
3608
3635
3658
3660
3672
3689
3788
3799
3835
3885
3895
3925
4018
4028
4029
4046
4065
4077
4080
4081
4097
4098
4123
4133
4162
4168
4225
4266
4290
4351
4370
4403
4405
4427
4436
4461
4487
4496
4508
4513
4536
4570
4594
4599
4612
4642
4660
4693
4720
5
87
115
121
145
170
184
272
305
340
341
342
376
403
512
514
544
583
626
653
697
707
724
738
750
831
949
955
959
998
1067
1107
1114
1136
1156
1179
1269
1293
1325
1338
1402
1515
1570
1573
1575
1584
1620
1667
1694
1700
1737
1818
1873
1893
1899
1903
1925
1927
1953
1983
1986
2019
2033
2134
2221
2283
2343
2355
2613
2701
2791
2794
2859
2889
2928
3004
3056
3097
3108
3135
3162
3177
3181
3214
3256
3396
3462
3469
3485
3587
3606
3639
3660
3668
3684
3689
3697
3707
3725
3761
3811
3835
3859
3881
3893
3895
3906
3926
4029
4068
4097
4098
4104
4123
4198
4201
4368
4419
4461
4594
4602
4639
4641
4652
4681
7
40
72
92
108
138
186
204
205
229
272
275
288
310
346
366
367
369
391
396
429
455
482
490
519
526
530
556
634
671
741
742
760
779
836
844
846
875
893
898
902
1002
1009
1051
1054
1057
1065
1077
1081
1082
1107
1120
1147
1189
1213
1226
1269
1299
1321
1338
1345
1353
1379
1380
1435
1448
1449
1469
1509
1512
1536
1574
1575
1603
1613
1627
1681
1706
1725
1757
1807
1883
1894
1904
1919
1946
1954
1972
1998
2028
2045
2047
2080
2081
2157
2219
2227
2244
2301
2361
2417
2452
2465
2486
2504
2535
2543
2589
2606
2633
2645
2648
2730
2786
2809
2819
2825
2838
2848
2852
2904
2906
2913
2936
2939
2974
2981
3009
3053
3056
3092
3097
3108
3172
3197
3209
3214
3228
3342
3356
3382
3410
3426
3431
3437
3440
3453
3454
3478
3483
3491
3500
3568
3618
3627
3636
3660
3692
3709
3762
3847
3849
3873
3876
3883
3888
3900
3906
3987
4082
4124
4156
4171
4173
4178
4325
4330
4331
4346
4364
4391
4406
4441
4444
4517
4523
4534
4609
4621
4634
4653
4661
4684
4711
4725
124
272
310
428
479
625
902
932
955
1054
1081
1107
1212
1269
1321
1338
1380
1410
1472
1618
1664
1721
1723
1971
1978
1983
2131
2222
2330
2371
2380
2430
2754
2800
2859
2932
2958
3056
3108
3214
3382
3472
3537
3617
3618
3659
3660
3675
3797
3859
3921
4179
4233
4289
4308
4453
4538
4539
4660
4677
26
51
88
98
99
136
145
185
190
234
272
296
304
310
313
314
329
342
349
356
357
377
417
428
429
435
460
479
504
526
569
578
616
663
681
706
735
738
754
809
823
828
902
905
921
928
932
955
1054
1081
1093
1107
1147
1159
1179
1217
1269
1270
1316
1321
1338
1346
1354
1393
1410
1472
1494
1508
1523
1552
1618
1623
1664
1693
1721
1723
1757
1806
1873
1884
1903
1904
1925
1953
1960
1971
1973
1978
1983
1990
2043
2058
2077
2093
2096
2131
2132
2153
2181
2190
2222
2265
2283
2307
2312
2330
2343
2360
2369
2371
2376
2379
2380
2430
2436
2470
2517
2531
2594
2601
2693
2739
2800
2832
2844
2859
2875
2909
2922
2932
2945
2958
2980
3006
3054
3056
3074
3083
3091
3097
3108
3116
3150
3194
3214
3235
3281
3299
3326
3382
3397
3401
3445
3461
3472
3515
3520
3537
3541
3613
3618
3620
3659
3660
3675
3764
3786
3797
3831
3859
3874
3903
3921
3931
3932
3982
4014
4049
4081
4167
4179
4184
4228
4233
4251
4260
4289
4308
4313
4345
4370
4450
4453
4455
4538
4539
4552
4660
4677
4690
4714
7
40
72
92
108
116
136
138
186
204
205
272
288
314
346
356
366
367
369
391
396
429
438
455
482
490
519
526
530
538
556
634
671
741
742
747
760
779
836
844
846
874
875
888
893
898
902
905
1002
1009
1034
1054
1057
1065
1077
1081
1082
1107
1120
1147
1179
1189
1213
1226
1269
1299
1321
1338
1341
1346
1353
1379
1435
1438
1448
1449
1469
1509
1512
1536
1574
1575
1603
1607
1613
1627
1681
1725
1751
1755
1757
1807
1873
1883
1894
1904
1919
1946
1953
1954
1972
1998
2028
2045
2047
2074
2080
2081
2138
2157
2214
2219
2227
2239
2244
2283
2301
2307
2343
2361
2417
2452
2465
2486
2504
2514
2535
2543
2606
2633
2645
2648
2673
2730
2786
2809
2819
2825
2848
2852
2904
2906
2913
2936
2939
2953
2974
2981
3009
3053
3056
3092
3097
3108
3172
3197
3207
3209
3214
3221
3228
3297
3342
3356
3410
3426
3431
3437
3438
3440
3453
3454
3478
3483
3491
3500
3507
3536
3537
3568
3618
3627
3632
3636
3660
3678
3692
3709
3762
3847
3849
3873
3876
3883
3888
3900
3906
3915
3964
3987
4082
4087
4124
4156
4171
4173
4178
4289
4325
4330
4331
4346
4364
4391
4406
4441
4444
4450
4453
4496
4517
4523
4534
4609
4621
4634
4644
4646
4653
4661
4684
4693
4711
4725
127
162
223
231
235
272
283
308
346
405
532
607
625
749
804
845
969
1033
1051
1069
1081
1106
1107
1153
1170
1269
1338
1380
1424
1483
1512
1519
1584
1626
1699
1745
1786
1849
1919
1968
2114
2149
2283
2350
2396
2400
2419
2483
2551
2577
2613
2762
3020
3061
3097
3119
3147
3268
3382
3441
3604
3625
3626
3660
3714
3722
3748
3766
3806
3893
3906
3937
4082
4142
4155
4170
4281
4289
4296
4402
4403
4415
4458
4494
4563
4627
4703
47
101
132
183
211
223
235
253
288
308
311
342
365
407
471
563
625
629
653
670
778
845
868
887
954
982
985
999
1027
1072
1081
1107
1177
1186
1217
1269
1303
1338
1345
1354
1365
1380
1474
1534
1546
1584
1616
1637
1648
1706
1757
1774
1787
1893
1996
2004
2103
2149
2198
2208
2223
2228
2242
2306
2309
2348
2350
2362
2366
2483
2498
2603
2623
2705
2739
2790
2872
2918
2920
3059
3071
3097
3108
3133
3149
3246
3382
3388
3559
3603
3625
3648
3660
3716
3722
3839
3940
3982
3990
4030
4036
4050
4053
4142
4185
4229
4289
4316
4414
4458
4622
4660
4662
4689
4723
19
47
53
56
84
93
101
106
132
134
183
211
243
253
288
308
311
328
342
345
349
365
370
385
407
425
460
462
471
487
488
491
494
532
550
563
565
584
629
653
660
693
707
717
719
737
761
778
790
804
813
837
845
849
864
868
869
887
908
916
954
966
982
985
999
1000
1011
1027
1044
1072
1080
1081
1098
1107
1119
1167
1177
1180
1186
1197
1210
1217
1269
1277
1303
1314
1338
1352
1354
1362
1365
1386
1408
1459
1474
1483
1510
1534
1535
1546
1584
1637
1650
1672
1686
1694
1697
1706
1749
1774
1787
1792
1859
1864
1870
1873
1893
1932
1940
1950
1951
1953
1996
2004
2026
2031
2043
2046
2098
2103
2141
2149
2154
2177
2197
2198
2208
2218
2223
2228
2242
2280
2283
2295
2306
2309
2343
2348
2350
2362
2366
2405
2427
2435
2468
2470
2474
2494
2498
2587
2603
2623
2679
2699
2703
2705
2707
2719
2736
2739
2740
2767
2788
2790
2816
2844
2853
2855
2872
2886
2918
2920
2921
2963
2978
2996
3028
3059
3061
3071
3073
3097
3108
3125
3133
3190
3194
3226
3246
3255
3271
3276
3279
3303
3307
3326
3334
3336
3346
3362
3388
3398
3403
3407
3442
3445
3515
3524
3527
3535
3559
3603
3625
3648
3660
3695
3698
3716
3722
3726
3757
3839
3851
3860
3890
3901
3910
3940
3944
3962
3982
3990
4016
4036
4050
4053
4081
4098
4107
4142
4183
4185
4229
4235
4262
4287
4289
4316
4318
4413
4414
4415
4428
4458
4520
4536
4553
4580
4583
4622
4626
4636
4660
4662
4689
4697
4700
4723
15
22
71
127
231
235
272
279
283
291
320
342
346
349
388
405
408
487
488
532
578
607
670
749
758
790
802
804
845
849
864
969
1018
1051
1057
1069
1081
1107
1153
1170
1186
1197
1210
1251
1269
1277
1282
1338
1408
1483
1512
1584
1626
1634
1651
1664
1674
1699
1774
1777
1786
1792
1849
1873
1919
1925
1953
1968
1996
2046
2114
2131
2149
2211
2283
2304
2307
2343
2379
2396
2405
2490
2517
2551
2577
2597
2603
2613
2679
2739
2745
2762
2874
2963
3020
3061
3097
3108
3119
3147
3159
3255
3268
3280
3345
3358
3441
3481
3488
3515
3524
3604
3625
3626
3655
3660
3722
3734
3748
3782
3806
3815
3893
3906
3915
3929
3937
3939
3972
3982
4082
4098
4142
4153
4155
4170
4193
4245
4262
4269
4281
4296
4389
4402
4415
4458
4494
4563
4627
4631
4662
4681
4703
507
523
585
667
845
951
1081
1107
1269
1338
1650
1849
1922
1997
2100
2179
2332
2447
2600
2753
3020
3097
3288
3467
3515
3527
3660
3806
3893
3906
3937
3975
4026
4048
4135
4175
4292
4296
4386
4394
4567
4649
12
193
584
625
845
951
1051
1081
1269
1482
1519
1544
1745
2043
2178
2213
2217
2607
2856
2908
2971
3107
3416
3611
3660
3669
3975
4244
4247
4403
4519
4649
12
89
94
100
123
179
193
207
321
388
479
488
491
526
532
550
584
613
650
701
707
738
756
845
860
951
976
993
1040
1051
1079
1081
1095
1107
1179
1197
1269
1303
1315
1338
1418
1424
1429
1445
1482
1483
1544
1711
1729
1743
1750
1755
1781
1873
1907
1926
1933
1935
1953
1985
1995
2037
2043
2135
2178
2213
2217
2296
2343
2421
2444
2508
2592
2607
2679
2699
2734
2797
2844
2856
2864
2869
2908
2920
2971
2982
3003
3005
3061
3066
3067
3071
3097
3107
3125
3288
3301
3322
3416
3471
3482
3495
3637
3660
3669
3711
3745
3797
3961
3975
4081
4150
4181
4247
4351
4421
4424
4447
4464
4519
4644
4660
13
183
203
279
507
523
532
585
597
629
775
845
951
954
1005
1081
1107
1269
1303
1338
1445
1546
1584
1650
1711
1774
1849
1907
1997
2179
2213
2318
2332
2446
2447
2525
2600
2608
2736
2753
2853
2854
2864
2872
2926
3020
3071
3097
3157
3322
3467
3515
3527
3647
3660
3711
3806
3893
3906
3930
3937
3975
4026
4048
4135
4175
4296
4316
4386
4394
4417
4421
4440
4447
4519
4567
4649
