264
1090
2653
3136
695
1090
1403
1871
3624
695
1403
1871
3344
2653
3624
1592
2649
2730
3624
1629
3293
3344
1592
2649
2730
264
3624
3862
3905
1765
2640
3624
787
1488
1765
2640
1629
3624
3862
3905
264
2512
94
1403
3624
94
1403
2554
3671
4199
2512
3624
264
1528
2162
2653
4057
1528
3624
3763
3862
1403
2554
3671
3763
3862
2162
2554
2653
3624
1528
2653
3458
3624
1871
3007
3624
3862
4172
1871
3007
3448
3862
2554
3624
264
1403
3007
1403
3007
2554
3624
1520
3458
3624
4172
3007
1520
2554
3624
1403
3007
2554
3624
4280
2554
3624
2512
1528
2616
3624
4172
879
1410
1488
1685
1871
2875
3007
3309
3624
3658
3862
4199
4332
2512
3658
1495
2512
3458
3658
3309
3458
3624
4172
1196
1488
1559
1685
1871
1984
3007
3309
3624
3658
3671
3789
3862
4199
4332
4341
879
1410
1685
2512
2554
3624
3658
4341
1711
3458
3624
1919
2512
3862
1871
1984
2616
3458
3624
4172
1410
1488
1559
1871
1984
2554
3007
3309
3671
3767
3845
3862
4280
4332
1410
1685
1919
2512
3624
3862
1711
3624
167
194
3007
4280
1685
1711
3624
1495
3624
1685
1495
2512
3624
1685
2396
2554
3007
3671
2512
205
873
1747
3624
4172
205
454
628
1488
1559
1871
2396
2554
2910
3007
3458
3624
3671
3763
3789
3862
4057
4121
4199
4332
205
628
873
1747
3458
3624
4121
440
1528
3624
3767
1519
2554
3767
440
3624
4121
2566
3624
4198
923
3007
4172
4199
923
1488
2137
3007
3763
3789
4172
4199
205
1519
1685
3624
1848
3624
3767
3344
3624
3767
2922
1528
2922
3624
2922
3624
3767
1294
1848
1904
1528
3624
4198
2012
3624
3789
1848
2554
3624
3767
2512
3350
1410
3624
4172
4198
1410
1488
1559
1798
1871
2554
3007
3309
3624
3767
3789
3862
4199
4280
4332
2512
2554
3350
3624
3767
4199
785
2086
2314
2512
3624
4397
3350
3624
4172
743
1559
1871
2223
2554
3007
3350
3624
3658
3763
3789
3862
4199
4280
785
1410
2086
2314
2512
2554
3624
3767
4397
650
693
2889
3458
3624
693
3624
3862
4172
191
600
693
1871
1928
2242
2396
2554
2972
3007
3624
3763
3789
3862
4199
650
693
1798
2396
2554
2889
3624
3767
2301
2512
2579
3624
4199
2889
3458
3624
4172
628
865
1559
2143
2554
2889
3007
3129
3624
3789
4199
628
743
2143
2301
2512
2554
2579
3624
3767
4199
2012
4170
3458
3624
628
1871
2472
3231
3624
3789
3862
4280
628
2012
2143
3624
4170
3718
4473
4643
3624
117
628
3231
3767
628
2554
3624
3718
4473
4643
706
2512
2616
3624
628
2143
2396
2554
3231
3624
3767
4057
706
2137
2512
2616
2512
3533
3892
4206
2566
2616
3624
695
3671
3767
4155
2512
3533
3624
3767
3892
3624
4172
3007
3789
4172
628
3624
3767
3624
2086
738
972
2038
2086
2137
2705
3007
2143
3624
3767
1965
2512
3624
4057
330
873
3007
3624
4172
35
148
873
2137
2456
2498
2554
3007
3579
3624
4172
4199
738
2038
2512
2554
3624
4057
1965
2048
2672
3624
2672
3007
3345
3624
3789
3862
4172
4199
710
1274
1871
2672
2952
3007
3098
3166
3345
3763
3789
3862
4172
4199
4332
205
2048
2396
3624
3671
3767
408
2512
3767
3897
4088
3624
4172
271
1152
1871
2554
2758
3166
3174
3345
3624
3741
3767
3789
3839
408
2512
3166
3624
3671
3741
3767
3897
4088
2606
4087
4206
4559
330
3624
1871
2740
3007
3345
3624
3789
3862
4087
4199
2554
3624
3671
3741
3767
4087
472
543
559
1423
2512
3290
3624
4481
330
472
2301
3290
3624
4172
194
472
751
839
1194
1440
1464
1871
2008
2236
2301
2554
2875
3007
3041
3112
3290
3309
3345
3624
3652
3741
3789
3862
4172
4199
4332
472
543
559
2008
2512
2554
3290
3624
3671
3741
4481
1589
2078
2348
2760
3624
3862
4010
330
2579
3624
4010
738
1017
1410
1468
1568
1871
2554
2579
2705
2800
3007
3345
3624
3741
3767
3789
4010
1152
1589
2078
2348
2554
2705
2760
3624
3741
3767
4155
2018
3624
1520
1589
3624
1115
1194
1520
1547
1589
1871
2245
3314
3345
3624
3789
3862
4199
4280
4332
4448
1017
2018
2554
3041
3112
3624
3671
3767
1423
3624
2631
3624
166
879
1194
1612
1705
1755
1871
2261
2631
2875
3007
3309
3624
3789
3862
4199
4280
4332
4408
454
1423
1612
2705
3624
3671
3837
3862
3624
41
44
247
1871
2554
3007
3624
4280
4408
4555
166
2554
3624
3671
3837
3862
2438
3830
4028
1517
3624
1490
1517
2554
4544
2554
3624
3830
4028
2438
2856
1517
3007
3624
4135
1517
2554
3007
4135
2856
3624
2438
3862
2438
2822
3624
3694
4262
589
2554
2822
3624
3694
4262
738
3624
3862
148
264
1639
2438
2498
2606
3577
3624
249
330
1912
2438
2856
3624
249
1912
2554
3112
3624
3671
148
1639
2498
2554
3624
3671
249
264
1646
1744
3773
3862
2438
3466
3624
1642
2396
3466
3624
3671
3789
249
972
1646
1744
3624
3773
3862
211
1956
3807
3862
4057
2137
3624
3807
4280
1410
2137
2396
3624
3671
4280
4408
211
1956
3624
3694
3862
4057
128
3624
128
3624
128
580
738
815
1211
1364
1930
3049
3563
3624
3656
3672
4393
4408
128
580
815
1211
1410
1930
3049
3563
3624
3656
3672
4393
264
1423
1528
2438
2554
2587
2736
3318
3624
3694
3862
4476
738
1488
1528
1559
1871
2875
3007
3624
3694
3763
3862
4254
4280
4332
128
552
580
738
815
1046
1138
1211
1274
1488
1559
1603
1871
1930
1968
2111
2829
2875
3007
3049
3249
3563
3624
3656
3672
3763
3862
3948
4254
4280
4332
4393
4408
1410
1423
2396
2554
2587
3318
3579
3624
3862
4476
194
264
272
562
632
1423
1528
3538
3624
3694
4078
4352
1528
1559
2554
2587
2736
2782
3007
3624
3694
3763
3862
4280
194
881
1245
1259
1559
1561
1944
2554
2587
2808
3007
3538
3624
3763
3811
3862
4280
4364
128
194
247
272
552
580
815
881
1046
1138
1211
1259
1561
1603
1642
1930
1968
2111
2137
2396
2808
2829
3049
3249
3538
3563
3624
3656
3672
3948
4078
4393
4408
325
562
738
1528
2172
3624
3694
3811
1528
2554
3007
3624
3694
4078
4254
128
552
580
815
1046
1138
1211
1603
1930
1968
2111
2701
2829
3007
3049
3112
3249
3522
3563
3624
3656
3672
3694
3789
3840
3862
3948
4393
325
738
2701
3112
3624
3694
3811
4408
128
325
552
580
682
815
1046
1138
1211
1528
1603
1930
1968
2111
2368
2677
2829
3049
3249
3331
3563
3624
3656
3672
3694
3840
3948
4321
4393
4665
1528
1871
1919
2438
2554
2677
3624
3694
3789
3862
4004
4075
552
815
881
1046
1211
1410
1871
1919
1968
2554
2587
2677
2701
2829
3049
3624
3671
3672
3694
3763
3789
3840
3862
3948
4004
4075
4280
4364
4393
128
325
552
580
815
881
1046
1138
1211
1410
1603
1930
1968
2111
2368
2677
2701
2829
3049
3249
3331
3563
3624
3656
3672
3694
3840
3948
4075
4321
4364
4393
4665
105
325
562
833
1249
1452
2713
2804
2877
3624
3807
3809
3862
4611
194
272
2438
3331
3624
3789
3807
3862
4321
128
194
272
552
580
815
899
1046
1138
1211
1603
1930
1968
2111
2829
3049
3249
3331
3563
3656
3671
3672
3789
3840
3862
3948
4393
105
325
562
833
1249
1452
1603
2701
2713
2804
2877
3624
3809
3862
4611
105
325
562
607
1249
2146
2436
2591
2804
2830
3327
3453
3624
3807
3862
3942
4612
607
2048
2554
3309
3624
3694
3763
3807
4612
4665
881
1194
1259
1772
2048
2396
2554
2701
2958
2989
3007
3309
3624
3671
3694
3763
3862
4199
4332
4364
4612
4665
35
105
128
325
552
580
815
881
1046
1138
1211
1249
1259
1603
1930
1968
2111
2436
2554
2587
2591
2701
2804
2829
2830
3049
3249
3327
3453
3563
3624
3656
3672
3840
3862
3942
3948
4364
4393
4612
78
325
1242
1528
3624
607
1528
1871
3624
3767
3807
4199
4321
4643
691
1871
2396
2701
3767
3862
4199
4321
4332
4364
78
1242
2701
3624
4364
325
1245
1499
3624
78
1249
1528
3624
128
552
580
815
1002
1046
1138
1211
1249
1314
1410
1603
1930
1968
2111
2554
2829
3007
3049
3249
3563
3624
3656
3672
3840
3948
4280
4393
128
325
552
881
1046
1211
1245
1410
1499
1930
2958
3049
3249
3624
3656
3672
1354
1415
1528
1969
2826
3624
3807
3862
194
218
1009
1528
2826
3624
128
194
218
580
1009
1259
1603
1871
1930
1968
2826
2958
3007
3049
3249
3563
3656
3672
3789
3862
3948
4081
4280
4393
580
815
1138
1354
1415
1603
1930
1968
1969
2111
2826
2829
2958
3624
3840
3948
4393
396
1528
1956
1996
2056
2229
3311
3624
3807
3862
4136
4138
105
964
1528
2443
2631
3007
3624
3694
3763
3862
4138
4280
4332
4611
105
243
274
281
552
815
881
964
1046
1138
1211
1798
2111
2396
2443
2543
2554
2631
2829
3007
3112
3624
3672
3694
3763
3840
3862
4138
4280
4332
4656
128
552
580
815
879
881
1046
1138
1211
1259
1603
1930
1956
1968
1996
2056
2111
2554
2829
2958
3049
3249
3311
3563
3624
3656
3672
3767
3840
3948
4393
308
458
562
607
1008
1469
1986
3010
3385
3624
3807
3862
3942
4197
4239
4610
607
964
1871
2194
2611
2631
3007
3624
3789
3807
3862
4172
4199
4280
4332
169
194
881
964
1046
1871
1930
1968
2194
2611
2631
2875
3007
3049
3061
3249
3423
3624
3656
3694
3763
3789
3840
3862
3948
4172
4199
4280
4332
4393
169
194
308
458
881
1008
1194
1469
1986
2396
3010
3624
3694
3767
3862
3942
4197
4656
607
1008
1018
1065
1071
1092
1172
1176
1388
1438
1528
1554
1752
1798
1818
1857
2116
2270
2280
2880
3318
3624
3749
3807
3809
3862
4098
4197
2
70
169
194
243
281
607
816
917
953
1016
1065
1080
1172
1309
1388
1423
1528
1594
1818
1871
1926
1996
2007
2270
2587
2722
2743
3007
3178
3624
3694
3763
3789
3807
3862
4172
4197
4199
4280
4332
4583
4610
2
70
128
169
194
243
281
552
580
815
816
863
881
917
953
1016
1018
1080
1138
1194
1211
1309
1388
1554
1594
1603
1683
1818
1857
1871
1926
1960
1968
2007
2111
2142
2396
2544
2554
2587
2722
2743
2829
2880
3007
3010
3049
3099
3178
3563
3624
3671
3672
3694
3763
3789
3794
3862
4172
4199
4270
4280
4332
4364
4583
169
194
607
863
881
1008
1018
1172
1176
1309
1388
1554
1752
1798
1818
1857
2116
2142
2280
2880
3010
3423
3624
3749
3794
4098
4364
357
460
549
562
582
607
863
913
1008
1018
1065
1074
1336
1423
1528
1563
2192
2270
2436
2440
2738
3099
3423
3515
3624
3807
3841
3862
4107
4129
4197
4442
4595
211
243
330
607
739
787
913
1176
1206
1249
1528
1563
1871
2056
2116
2146
2192
2270
2556
2982
3007
3099
3309
3327
3624
3749
3763
3807
3862
3993
4098
4280
2
243
281
589
739
787
846
881
1206
1259
1488
1563
1683
1871
1930
2146
2192
2440
2484
2556
2982
3007
3099
3309
3624
3671
3672
3749
3763
3794
3862
3900
3993
4280
4332
4364
4393
4432
128
169
357
552
580
582
607
815
863
881
1008
1018
1046
1074
1138
1211
1259
1336
1423
1563
1603
1798
1930
1968
2111
2142
2192
2270
2436
2440
2554
2829
2910
3049
3099
3249
3423
3563
3624
3656
3672
3840
3841
3862
3948
4107
4129
4197
4364
4393
4442
1008
1388
1857
1960
2270
2499
2575
2731
3061
3099
3314
3387
3624
3807
3862
3942
4001
4197
1388
1554
1613
1752
2116
2270
3010
3453
3624
552
747
815
1388
1419
1613
1872
2111
2127
2142
2383
2622
2731
3049
3061
3453
3624
3671
4364
4649
1388
1857
1960
2142
2575
2622
2731
3061
3099
3314
3624
3862
3942
4001
4364
53
447
607
1008
1391
1423
1625
2270
2335
2804
3061
3624
3695
3794
3807
3862
3942
4197
4649
447
549
607
1172
1336
1388
1871
2270
2335
2554
2587
2666
2741
2922
3061
3069
3099
3624
3789
3807
3862
4280
194
281
447
881
917
1172
1388
1871
1872
2142
2554
2587
2666
2731
2741
2922
3069
3099
3112
3624
3671
3695
3789
3862
4140
4280
4364
53
447
552
815
881
1391
1423
1872
1930
2111
2142
2335
2554
2587
2922
3049
3061
3624
3672
3695
3794
3862
4140
4197
4364
4393
4649
437
549
607
610
1008
1358
1388
1423
1528
1798
2077
2229
2270
2821
3453
3624
3862
3942
4057
4141
4475
4506
4649
194
243
447
549
607
739
1007
1017
1314
1358
1528
1559
1871
1941
2270
2280
3007
3149
3309
3414
3624
3763
3789
3807
3827
3862
3951
4070
4280
4637
194
243
281
739
881
1007
1017
1274
1314
1559
1871
1941
3007
3149
3211
3309
3414
3575
3624
3763
3789
3827
3862
3951
3994
4070
4200
4280
4326
4364
4637
437
881
1017
1388
1528
1798
2077
2622
2821
3453
3575
3624
4057
4364
4506
4649
22
184
309
320
335
422
607
907
974
1008
1202
1358
1396
2017
2070
2229
2270
2536
2688
2710
2880
2955
3118
3223
3388
3624
3716
3809
3816
3862
3940
3994
4197
4326
4506
447
549
607
682
1018
1146
1176
1325
1358
1388
1391
1423
1554
1665
1752
2116
2270
2575
3007
3010
3061
3309
3453
3624
3763
3789
3862
3940
4001
4280
4332
4649
461
506
560
645
1018
1146
1175
1176
1325
1388
1391
1396
1554
1630
1665
1752
1875
2017
2116
2142
2383
2575
2622
2701
2858
2955
3007
3010
3061
3453
3575
3624
3763
3789
3816
3862
3940
4001
4140
4199
4280
4284
4332
4364
4659
4686
22
184
309
335
645
907
974
1194
1202
1396
2017
2070
2142
2688
2701
2710
2880
2955
3118
3388
3575
3624
3816
3862
3940
3994
4326
4364
4506
4659
320
461
499
579
607
996
1008
1358
1388
1396
1630
1798
2137
2270
2536
2845
2858
3071
3099
3505
3624
3695
3794
3807
3809
3824
3862
3863
4035
4141
4290
4300
4326
4356
4502
4612
4649
243
284
335
607
907
1358
1871
2077
2270
3007
3071
3118
3223
3505
3624
3763
3789
3807
3809
3816
3862
3863
3940
4280
4300
4326
4356
4649
169
184
243
281
284
335
645
907
1077
1396
1561
1871
2142
2614
2622
3007
3087
3112
3407
3460
3575
3612
3624
3763
3789
3809
3862
3863
3940
4039
4280
4290
4356
4364
4467
4649
4659
169
461
499
579
607
645
996
1388
1396
1561
1630
1798
2137
2142
2622
2845
2858
3071
3099
3112
3149
3505
3575
3624
3695
3794
3824
3862
3863
4035
4290
4326
4356
4364
4502
4649
4659
184
461
607
907
1008
1358
1818
2017
2132
2270
2442
2575
2731
2880
2955
3099
3211
3223
3407
3624
3694
3756
3940
3942
4284
4290
4383
4453
4546
184
461
607
996
1202
1358
1388
1871
2077
2132
2270
2442
3007
3071
3099
3223
3292
3388
3505
3624
3763
3789
3809
3862
4088
4280
4290
4502
186
758
1194
1385
1388
1561
1724
1818
1857
1871
2132
2622
2880
3007
3112
3292
3328
3624
3763
3789
3809
3810
3862
3875
3900
4088
4280
4290
4360
4364
4659
169
184
186
461
607
907
1561
1818
2017
2132
2142
2442
2575
2614
2622
2731
2880
2955
3099
3211
3407
3460
3575
3624
3671
3694
3756
3875
3940
4284
4290
4364
4383
4453
4546
4659
335
607
946
1008
1165
1358
1388
1818
1857
2196
2270
2442
2731
3388
3624
3810
4380
4649
422
607
632
1358
1388
1637
1818
1857
2132
2270
2536
2575
2631
2731
3007
3099
3624
3726
3789
3862
4129
4280
186
291
422
902
917
1165
1274
1335
1388
1637
1777
1818
1871
2017
2142
2536
2575
2585
2631
2880
3007
3099
3118
3388
3575
3624
3695
3726
3763
3789
3862
3875
4129
4199
4280
4290
4332
4364
4659
186
291
335
946
1165
1388
1818
1857
2142
2196
2270
2383
2442
2622
2731
3112
3388
3575
3624
3671
3810
3875
4364
4380
4649
4659
562
607
863
926
946
1008
1358
1627
1630
2239
2270
2543
2880
3099
3118
3127
3477
3497
3577
3624
3695
4090
4140
4141
4250
4360
184
335
422
560
607
863
917
946
1071
1274
1358
1627
1857
2070
2239
2258
2270
2349
2604
2731
2757
2875
3007
3071
3099
3127
3624
3862
4280
4508
186
335
422
560
645
863
917
946
1126
1194
1274
1627
1630
1733
1748
1857
2015
2142
2258
2349
2442
2604
2622
2731
2757
2842
2875
3007
3099
3575
3624
3862
3875
4199
4257
4280
4364
4508
4659
186
562
607
645
695
863
926
946
1126
1627
1630
2015
2142
2543
2587
2622
2880
3099
3118
3477
3497
3575
3577
3624
3671
3695
3875
4090
4140
4250
4290
4360
4364
4659
4686
617
654
1008
1358
1630
2116
2239
2270
2996
3624
3695
3746
3816
3862
4106
215
560
634
863
917
1274
1439
1488
1627
1862
1871
2077
2239
2270
2538
2631
2875
3007
3624
3708
3862
4009
4065
4204
4280
215
359
560
634
863
917
1274
1439
1488
1627
1862
1871
2100
2142
2157
2309
2538
2631
2875
3007
3575
3624
3708
3862
4009
4065
4204
4280
4284
281
617
654
1630
1862
2116
2142
2396
2622
2996
3414
3575
3624
3695
3746
3816
3862
3875
4106
4364
4408
100
564
607
739
1008
1122
1358
1391
1573
1665
1748
2100
2269
2270
2446
2580
2744
2880
3509
3624
3810
3862
3898
3904
4590
100
168
194
390
560
607
795
1180
1274
1344
1358
1391
1636
1871
2196
2270
2275
2442
2875
3007
3311
3624
3695
3789
3862
3898
4090
4153
4172
4250
4280
92
168
194
291
390
558
560
645
795
962
1028
1180
1274
1344
1391
1636
1826
1871
1908
2015
2142
2239
2275
2309
2421
2556
2622
2875
3007
3102
3112
3158
3311
3377
3575
3624
3708
3763
3767
3789
3791
3862
3875
3898
4090
4153
4280
4364
100
291
564
645
739
816
1122
1391
1665
1748
2017
2142
2239
2269
2456
2538
2744
2880
3509
3575
3624
3671
3810
3862
3875
3898
4590
241
863
1008
1358
2015
2116
2484
3247
3313
3328
3364
3517
3624
3634
3736
3862
3994
4168
4312
4547
22
194
356
365
444
514
550
560
586
607
803
863
889
917
946
1005
1086
1168
1198
1274
1358
1391
1441
1621
1636
1871
2116
2217
2270
2287
2631
2676
2707
2890
2892
3007
3028
3205
3208
3311
3377
3411
3518
3569
3624
3695
3763
3860
3862
3989
4051
4172
4199
4280
4312
4383
4547
22
194
356
365
444
514
550
560
586
645
761
787
803
863
889
917
1005
1086
1168
1198
1274
1391
1408
1441
1501
1621
1636
1871
1975
2142
2217
2239
2287
2622
2631
2676
2707
2890
2892
2911
3007
3028
3205
3208
3311
3377
3411
3518
3569
3575
3624
3763
3789
3860
3862
3875
3989
4051
4172
4199
4280
4290
4312
4659
645
863
1077
1975
2015
2116
2142
2239
2484
2622
3313
3328
3364
3517
3575
3624
3634
3671
3736
3862
3875
3994
4312
4659
386
560
607
758
836
928
947
1008
1074
1358
1694
1724
1733
1865
1938
2270
2442
2731
3236
3252
3388
3407
3624
3862
3967
4129
4197
4222
4290
4547
4618
194
204
278
427
575
588
607
734
808
917
946
1055
1274
1284
1325
1326
1352
1358
1488
1715
1722
1762
1871
1873
1892
2000
2077
2116
2220
2270
2291
2334
2335
2388
2449
2631
2731
2745
2824
2875
2881
2996
3007
3104
3400
3410
3449
3501
3555
3576
3583
3624
3647
3691
3735
3736
3739
3756
3763
3789
3835
3862
3930
3934
3949
3967
4119
4151
4199
4222
4277
4280
4319
4332
4427
4439
4562
4578
4590
4619
4649
4660
194
204
278
422
427
575
588
734
808
917
1055
1274
1284
1325
1326
1352
1408
1488
1715
1722
1762
1871
1873
1892
1975
2000
2077
2116
2220
2239
2291
2334
2335
2388
2449
2631
2699
2731
2745
2783
2824
2875
2880
2881
3007
3104
3200
3400
3410
3449
3501
3555
3575
3576
3583
3624
3647
3691
3735
3739
3763
3767
3789
3835
3862
3875
3930
3934
3949
4119
4151
4199
4277
4280
4284
4319
4332
4364
4427
4439
4551
4562
4578
4619
4649
4660
560
607
645
758
795
928
947
1074
1594
1724
1733
1865
1938
2015
2100
2239
2442
2622
2731
3112
3236
3252
3388
3407
3575
3624
3767
3862
3875
4119
4197
4222
4290
4364
4427
4551
66
150
310
447
461
946
1008
1122
1179
1263
1269
1358
1465
1482
1493
1510
1620
1800
1857
1986
2076
2145
2147
2270
2335
2731
2880
3010
3099
3624
3862
4035
4062
4129
4141
4284
4326
4502
194
214
447
560
583
745
787
917
1084
1202
1260
1358
1620
1871
1955
2070
2077
2270
2335
2631
2731
2984
3007
3031
3121
3272
3407
3408
3553
3605
3611
3624
3756
3789
3816
3862
3967
4062
4129
4155
4172
4176
4199
4250
4280
4383
4390
4507
4588
4591
184
194
214
372
447
560
583
645
745
787
917
1084
1253
1260
1353
1408
1446
1459
1565
1620
1636
1857
1871
1955
1975
2077
2142
2239
2259
2270
2335
2407
2537
2589
2622
2703
2731
2769
2984
3007
3026
3031
3099
3112
3121
3272
3408
3553
3575
3605
3611
3624
3695
3756
3789
3862
3875
3940
4005
4062
4129
4155
4172
4173
4176
4199
4280
4284
4290
4364
4390
4507
4534
4551
4588
4591
4659
66
184
278
447
461
645
863
946
953
1016
1077
1179
1263
1269
1358
1446
1465
1482
1510
1554
1620
1818
1857
1975
1986
2015
2076
2142
2147
2239
2270
2335
2407
2622
2731
2880
3010
3026
3061
3099
3575
3624
3695
3875
3940
3993
4035
4062
4119
4129
4284
4326
4364
4502
4551
4659
184
264
317
562
607
657
1008
1074
1170
1176
1358
1414
1471
1493
1686
1826
1857
1914
2017
2116
2270
2533
2710
2982
3099
3105
3175
3183
3511
3624
3707
3809
3862
3940
4009
4140
4200
4360
4464
4649
194
317
512
519
607
657
848
1358
1636
1871
1943
1965
2017
2067
2270
2335
2516
2616
2631
2830
2880
3007
3183
3242
3299
3313
3388
3411
3511
3605
3624
3763
3789
3925
4280
4360
4383
4547
184
194
512
519
645
848
963
1300
1311
1446
1493
1636
1826
1857
1871
1943
1965
1975
2017
2067
2142
2239
2335
2407
2516
2614
2622
2631
2731
2880
3007
3061
3242
3299
3313
3388
3411
3507
3511
3575
3605
3624
3756
3763
3789
3862
3875
3889
3925
3932
4140
4280
4296
4360
4364
4383
4659
184
215
264
317
506
562
645
657
1170
1176
1311
1414
1446
1471
1826
1857
1975
2017
2116
2142
2239
2396
2407
2710
2982
3061
3099
3105
3121
3511
3575
3624
3809
3862
3875
3932
3940
4009
4140
4200
4360
4364
4464
4649
4659
31
271
529
607
954
1074
1077
1318
1358
1391
1815
1826
2025
2270
2731
2857
2870
2880
2979
3099
3133
3174
3299
3407
3450
3489
3624
3700
3707
3740
3756
3807
3816
3862
4084
4129
4284
4290
4360
4526
4649
46
241
285
310
447
461
607
1176
1358
1391
1432
1559
2100
2116
2145
2270
2461
2731
2777
2880
3007
3530
3624
3740
3767
3807
3809
3940
4168
4171
4360
4461
4502
4547
4649
46
285
310
363
447
529
645
946
957
1176
1322
1391
1408
1432
1446
1554
1559
1818
1857
1952
2100
2142
2239
2407
2422
2461
2622
2731
2777
2796
2880
3007
3046
3061
3099
3213
3514
3530
3575
3624
3695
3740
3763
3767
3862
3875
3939
4171
4221
4280
4364
4461
4485
4526
4659
31
194
271
529
607
645
889
946
954
957
1074
1077
1318
1322
1391
1446
1826
1941
1952
2025
2142
2239
2407
2422
2731
2740
2857
2870
2880
2952
2979
3046
3099
3174
3213
3299
3407
3489
3514
3575
3624
3700
3740
3756
3816
3862
3875
3939
4084
4129
4221
4284
4290
4360
4364
4526
4649
4659
46
61
607
616
654
863
928
1008
1221
1358
1423
2070
2132
2145
2225
2858
2912
3061
3081
3099
3136
3211
3421
3450
3624
3707
3740
3807
3809
3862
3959
4079
4084
4360
4408
4501
4624
46
71
461
607
795
1077
1263
1358
1847
2132
2145
2225
2270
2520
2544
2586
2715
3007
3057
3133
3624
3669
3700
3740
3763
3807
3862
4199
4280
4449
4485
4649
46
71
97
573
645
795
1028
1263
1322
1408
1446
1733
1847
1975
2032
2225
2239
2407
2520
2544
2548
2586
2622
2709
2715
2817
2858
3007
3057
3133
3152
3213
3270
3504
3575
3624
3669
3700
3763
3767
3862
3875
3925
4199
4221
4227
4280
4364
4449
4485
4659
46
61
194
616
654
863
928
1221
1322
1423
1446
1847
1975
2070
2142
2225
2239
2396
2407
2544
2622
2699
2715
2858
2912
3061
3081
3099
3136
3211
3213
3421
3575
3624
3767
3875
3940
3959
4079
4221
4360
4364
4408
4501
4659
322
447
461
607
665
946
1165
1358
1554
1667
1713
1733
1773
1814
1857
1960
2015
2069
2270
2536
2588
2784
2858
2890
2947
3026
3118
3192
3446
3550
3624
3686
3695
3740
3756
3807
3810
3816
3862
4079
4239
4624
4649
322
340
461
560
607
863
1065
1077
1176
1269
1358
1391
1814
1903
1960
2070
2116
2132
2145
2270
2536
2588
2616
2631
2858
3007
3105
3180
3411
3624
3686
3740
3807
3816
3862
3940
4129
4280
4360
4485
4649
322
340
359
547
560
563
607
624
645
863
1025
1077
1176
1285
1391
1552
1636
1733
1814
1871
1894
1960
2116
2239
2270
2310
2407
2491
2536
2622
2631
2731
2858
3007
3026
3105
3180
3411
3575
3624
3671
3686
3695
3756
3767
3789
3810
3816
3862
3875
3925
3940
3993
4129
4280
4360
4485
4584
4649
4659
322
447
461
607
645
946
1028
1165
1554
1733
1773
1814
1857
1894
1960
2015
2069
2239
2270
2407
2491
2536
2622
2858
2890
2947
3026
3118
3192
3213
3242
3446
3550
3575
3624
3686
3695
3756
3767
3810
3816
3862
3875
4079
4155
4239
4649
4659
194
216
289
322
503
607
750
768
777
805
1008
1065
1123
1213
1250
1358
1522
1590
1697
1960
1976
2091
2106
2232
2244
2270
2347
2382
2426
2675
2731
2739
2767
2815
2909
2973
3016
3036
3156
3328
3396
3429
3458
3498
3513
3590
3624
3695
3740
3767
3784
3787
3795
3815
4036
4290
4305
4457
4606
194
216
322
385
560
607
946
1160
1358
1522
1703
1871
1903
2232
2244
2270
2332
2382
2426
2536
2631
2665
2739
2858
2909
2947
3007
3139
3219
3311
3429
3458
3513
3611
3624
3720
3740
3747
3763
3784
3789
3816
3862
4036
4047
4129
4199
4280
4305
4332
4537
4649
194
322
366
369
385
422
547
560
645
727
835
946
1128
1160
1187
1322
1446
1522
1554
1668
1703
1871
1889
1894
1903
1970
1975
2142
2239
2244
2270
2332
2381
2382
2397
2445
2536
2622
2631
2665
2802
2858
2947
2995
3007
3026
3139
3213
3219
3311
3429
3575
3611
3624
3671
3720
3747
3763
3767
3784
3789
3816
3862
3875
4047
4129
4199
4221
4280
4332
4364
4537
4551
4659
194
289
322
503
645
739
750
768
777
795
805
835
1028
1123
1187
1213
1250
1322
1446
1522
1590
1733
1894
1960
1975
2091
2106
2142
2232
2239
2244
2270
2347
2382
2396
2426
2445
2516
2614
2622
2731
2767
2973
3016
3026
3036
3139
3156
3213
3328
3396
3429
3498
3507
3513
3575
3590
3624
3695
3767
3784
3787
3791
3795
3815
3875
4047
4221
4290
4364
4457
4537
4551
4606
4659
4
23
181
194
201
216
234
237
258
351
410
415
451
467
478
549
554
623
629
639
669
709
750
791
828
829
857
870
884
910
961
1008
1040
1065
1094
1098
1113
1118
1156
1183
1240
1244
1286
1292
1358
1391
1418
1435
1472
1478
1528
1575
1589
1597
1622
1662
1696
1706
1707
1719
1733
1752
1756
1833
1894
1903
1932
1951
1963
2074
2123
2128
2145
2217
2263
2267
2270
2295
2312
2341
2363
2367
2401
2429
2444
2621
2675
2681
2710
2739
2784
2815
2859
2863
2880
2891
2909
2960
3016
3024
3026
3047
3072
3074
3078
3102
3106
3206
3227
3248
3264
3316
3354
3427
3458
3476
3496
3600
3624
3678
3740
3747
3795
3900
4025
4036
4042
4062
4107
4119
4141
4185
4239
4293
4305
4309
4380
4385
4414
4458
4510
4570
4579
4606
4640
4670
4
194
213
216
234
243
258
422
451
467
554
560
750
777
787
795
828
857
961
964
1094
1098
1118
1169
1240
1244
1274
1345
1358
1435
1488
1528
1575
1593
1627
1636
1782
1871
1894
1903
1938
2025
2107
2123
2270
2536
2621
2629
2631
2739
2859
2875
2909
3007
3047
3074
3106
3227
3311
3345
3426
3458
3477
3516
3605
3624
3645
3687
3692
3740
3760
3763
3787
3841
3862
4036
4062
4079
4111
4129
4140
4199
4280
4305
4332
4340
4380
4414
4553
4579
4606
4640
186
194
213
243
256
258
273
359
422
451
554
560
645
668
787
795
828
847
857
863
870
964
1028
1094
1118
1160
1169
1187
1240
1244
1260
1274
1322
1345
1435
1446
1488
1575
1593
1627
1636
1668
1733
1752
1782
1871
1894
1903
1938
1975
2045
2107
2132
2142
2201
2239
2270
2309
2536
2613
2621
2622
2629
2631
2858
2859
2874
2875
3007
3026
3040
3068
3074
3106
3112
3213
3227
3271
3311
3345
3392
3426
3477
3516
3575
3605
3624
3645
3687
3692
3760
3763
3810
3862
3875
3949
4111
4119
4129
4140
4199
4221
4280
4332
4340
4364
4553
4606
4659
4
181
186
194
234
237
258
351
385
415
451
478
629
645
669
727
750
791
795
828
829
857
870
884
910
1028
1040
1098
1113
1118
1156
1183
1187
1194
1240
1244
1322
1391
1418
1435
1446
1478
1528
1575
1589
1594
1597
1662
1668
1706
1719
1733
1752
1818
1833
1894
1903
1926
1951
1960
1963
1975
2045
2128
2132
2142
2217
2239
2267
2270
2341
2363
2401
2429
2622
2710
2722
2784
2815
2859
2880
2891
3024
3026
3074
3099
3102
3112
3213
3227
3248
3264
3426
3427
3575
3600
3624
3645
3747
3767
3875
3900
4025
4036
4042
4062
4119
4141
4185
4221
4293
4340
4364
4380
4385
4408
4414
4458
4551
4570
4591
4659
4670
168
222
253
260
370
467
487
509
585
599
625
684
701
758
775
779
798
801
812
878
885
946
952
961
962
964
969
993
1066
1118
1128
1166
1185
1197
1240
1252
1358
1431
1462
1485
1524
1540
1593
1605
1686
1693
1713
1734
1748
1831
1844
1893
1898
1908
1946
1963
1982
2148
2167
2169
2170
2233
2239
2243
2253
2263
2270
2271
2293
2300
2321
2335
2343
2365
2419
2421
2494
2507
2513
2554
2563
2568
2647
2675
2677
2685
2741
2752
2791
2801
2828
2832
2893
2900
2909
2922
2977
2983
3047
3067
3127
3132
3239
3304
3366
3371
3373
3384
3402
3411
3458
3516
3519
3524
3567
3581
3588
3619
3624
3653
3655
3670
3686
3707
3715
3792
3850
3888
3923
3974
3997
4002
4003
4036
4041
4042
4050
4140
4153
4174
4181
4194
4230
4267
4268
4284
4320
4339
4342
4387
4409
4479
4507
4522
4531
4542
4592
4644
4667
73
178
194
210
243
251
255
282
320
370
422
467
476
507
528
549
560
585
593
606
637
697
701
741
787
795
798
801
832
855
880
927
929
942
946
964
969
1056
1118
1128
1160
1189
1197
1212
1232
1274
1358
1406
1426
1428
1431
1462
1473
1485
1488
1509
1524
1534
1605
1636
1693
1695
1734
1773
1782
1799
1813
1844
1893
1903
1982
2026
2042
2089
2099
2107
2124
2130
2148
2149
2150
2176
2190
2201
2259
2270
2335
2341
2365
2368
2395
2401
2521
2552
2554
2557
2559
2593
2631
2677
2685
2820
2875
2900
2909
2956
2983
3007
3047
3060
3080
3191
3204
3227
3248
3295
3322
3352
3356
3366
3397
3431
3458
3496
3509
3519
3528
3581
3619
3624
3655
3692
3715
3731
3748
3759
3770
3850
3862
3888
3916
3952
3965
4003
4036
4076
4150
4178
4199
4264
4268
4280
4339
4409
4458
4477
4647
13
34
73
123
147
160
178
194
210
223
243
250
251
255
281
282
292
320
343
347
370
375
383
422
450
476
480
507
528
536
545
560
572
593
606
637
667
692
697
726
741
758
787
795
798
801
832
842
850
855
870
880
890
896
927
929
942
964
965
1021
1028
1056
1074
1118
1128
1148
1160
1187
1189
1197
1212
1215
1226
1232
1270
1274
1308
1358
1368
1373
1378
1406
1426
1428
1446
1456
1457
1460
1473
1485
1488
1509
1511
1512
1534
1542
1569
1583
1605
1636
1645
1693
1695
1730
1734
1759
1780
1781
1782
1799
1811
1813
1832
1844
1861
1893
1898
1903
1975
2026
2042
2044
2061
2089
2098
2099
2104
2107
2124
2130
2132
2142
2148
2149
2150
2169
2176
2179
2183
2190
2201
2219
2239
2251
2253
2256
2259
2260
2288
2290
2296
2315
2339
2341
2368
2392
2395
2401
2445
2474
2521
2552
2554
2557
2559
2593
2595
2615
2622
2625
2629
2631
2636
2641
2673
2677
2685
2776
2813
2820
2831
2871
2875
2883
2911
2922
2937
2956
2970
3003
3007
3026
3027
3047
3060
3080
3089
3143
3153
3191
3202
3204
3225
3244
3248
3255
3295
3322
3324
3352
3355
3356
3365
3397
3429
3431
3528
3543
3575
3624
3655
3671
3686
3692
3713
3715
3722
3731
3748
3759
3763
3770
3838
3862
3875
3891
3909
3916
3924
3943
3944
3952
3964
3965
4003
4050
4054
4076
4105
4124
4150
4178
4188
4199
4208
4221
4264
4267
4268
4280
4327
4332
4362
4384
4407
4419
4477
4550
4576
4635
4647
4659
4679
92
147
168
223
253
255
292
347
370
375
480
487
509
528
536
545
560
625
667
701
758
775
779
795
798
801
812
878
885
942
946
962
964
993
1028
1055
1066
1118
1128
1166
1185
1187
1197
1240
1373
1378
1431
1446
1456
1460
1485
1512
1540
1593
1605
1645
1668
1686
1730
1734
1748
1780
1781
1782
1811
1831
1844
1893
1898
1908
1946
1963
1975
1982
2007
2061
2089
2104
2132
2142
2148
2167
2169
2170
2176
2233
2239
2251
2253
2270
2271
2293
2300
2315
2321
2335
2365
2419
2421
2494
2507
2513
2563
2568
2622
2647
2677
2707
2741
2801
2832
2883
2893
2922
2937
2983
3026
3132
3204
3225
3227
3239
3295
3365
3366
3371
3373
3402
3411
3429
3449
3516
3519
3524
3575
3581
3588
3619
3624
3653
3655
3686
3707
3708
3713
3715
3759
3792
3850
3875
3943
3944
4003
4041
4042
4050
4124
4140
4153
4171
4174
4181
4194
4221
4230
4284
4320
4342
4387
4479
4507
4522
4550
4592
4659
4667
17
22
60
68
75
95
110
124
194
202
208
223
227
244
263
299
343
354
358
402
405
438
450
452
465
467
546
562
585
592
649
661
674
691
741
766
775
822
831
856
885
900
918
927
928
943
985
1003
1004
1029
1031
1032
1070
1074
1088
1118
1127
1133
1142
1167
1191
1197
1232
1238
1278
1281
1287
1330
1338
1347
1351
1358
1360
1423
1483
1489
1504
1524
1534
1579
1686
1704
1742
1781
1817
1831
1866
1878
1893
1894
1902
2027
2039
2061
2079
2152
2166
2169
2266
2270
2323
2327
2415
2417
2435
2469
2564
2565
2569
2613
2651
2682
2685
2702
2732
2747
2756
2810
2814
2900
2909
2922
2923
2935
2946
3014
3025
3059
3079
3082
3099
3100
3110
3113
3134
3168
3176
3222
3273
3286
3389
3415
3437
3451
3458
3486
3492
3545
3558
3624
3632
3646
3649
3705
3710
3734
3775
3781
3794
3801
3849
3870
3888
3966
3972
3999
4033
4036
4039
4057
4071
4080
4115
4137
4154
4165
4183
4213
4231
4239
4248
4252
4265
4338
4339
4348
4350
4383
4409
4447
4517
4550
4589
4690
15
18
45
68
73
75
95
110
134
136
137
194
208
222
227
233
243
299
306
343
375
402
405
406
414
422
438
452
465
467
500
505
536
545
546
549
585
590
592
649
674
707
717
720
822
830
852
900
928
955
985
990
1003
1004
1022
1031
1032
1059
1070
1074
1088
1118
1127
1133
1142
1163
1167
1191
1197
1210
1212
1223
1228
1239
1251
1281
1338
1351
1358
1369
1373
1462
1483
1485
1524
1540
1549
1570
1635
1636
1701
1742
1791
1816
1871
1878
1893
1894
1903
1932
1969
1978
1979
2001
2042
2076
2124
2166
2167
2207
2256
2271
2318
2323
2366
2415
2417
2435
2436
2455
2524
2564
2565
2569
2628
2631
2682
2685
2687
2702
2714
2732
2747
2762
2810
2814
2875
2893
2900
2909
2935
2960
3006
3007
3024
3025
3059
3066
3079
3094
3100
3134
3140
3176
3241
3250
3256
3266
3270
3273
3286
3354
3373
3389
3437
3451
3458
3485
3492
3524
3539
3545
3571
3573
3624
3646
3653
3696
3705
3706
3710
3717
3780
3781
3801
3808
3849
3862
3876
3882
3888
3908
3961
3966
3972
3999
4036
4042
4080
4097
4103
4124
4137
4154
4162
4191
4193
4199
4213
4223
4240
4269
4274
4280
4314
4332
4333
4339
4350
4359
4409
4447
4521
4542
4550
4598
4639
4677
4690
15
18
43
45
68
73
75
110
125
134
136
137
183
194
223
233
243
281
299
306
335
343
375
379
402
405
406
414
418
422
432
465
480
500
505
536
545
546
590
592
707
717
720
744
830
852
900
928
934
955
967
985
990
1003
1004
1018
1022
1032
1059
1074
1077
1088
1089
1118
1127
1147
1163
1187
1191
1210
1212
1223
1228
1239
1251
1254
1281
1322
1338
1364
1369
1373
1378
1399
1446
1456
1460
1485
1512
1548
1549
1570
1635
1636
1701
1725
1730
1780
1789
1791
1801
1816
1817
1871
1893
1895
1903
1932
1975
1978
1979
2001
2124
2142
2166
2167
2179
2207
2239
2256
2302
2315
2318
2356
2366
2392
2417
2435
2445
2455
2467
2514
2524
2564
2565
2569
2615
2622
2628
2631
2682
2686
2687
2714
2762
2810
2875
2883
2922
2935
2937
2960
3006
3007
3024
3066
3079
3082
3094
3100
3140
3176
3241
3250
3256
3266
3270
3273
3337
3354
3373
3389
3404
3437
3451
3485
3492
3539
3559
3571
3573
3575
3624
3646
3653
3671
3696
3706
3713
3717
3763
3779
3790
3808
3849
3862
3875
3876
3882
3908
3943
3961
3972
3975
3999
4042
4052
4055
4080
4097
4103
4124
4137
4154
4162
4177
4191
4193
4199
4221
4223
4228
4240
4269
4274
4280
4332
4333
4350
4364
4378
4388
4422
4447
4515
4550
4573
4598
4608
4639
4659
4677
4690
18
22
43
60
68
75
95
110
124
125
194
208
223
227
233
244
299
343
354
358
375
402
405
418
450
465
467
480
505
536
545
546
562
572
592
661
691
720
741
775
831
856
885
900
927
934
955
985
1003
1004
1029
1031
1032
1070
1074
1088
1118
1127
1167
1187
1191
1223
1232
1238
1278
1281
1287
1322
1330
1338
1360
1373
1378
1456
1460
1483
1485
1504
1534
1579
1583
1686
1704
1730
1780
1781
1817
1831
1866
1893
1902
1975
1979
2001
2027
2061
2166
2169
2207
2239
2270
2315
2323
2327
2334
2417
2435
2467
2564
2565
2569
2613
2622
2628
2651
2682
2702
2732
2756
2810
2883
2900
2922
2923
2935
2937
2946
3014
3079
3082
3099
3100
3113
3168
3176
3273
3389
3392
3437
3451
3486
3492
3545
3558
3571
3573
3575
3624
3646
3713
3775
3794
3849
3870
3875
3882
3943
3972
3975
3999
4033
4039
4055
4071
4080
4115
4124
4137
4154
4162
4228
4239
4248
4252
4265
4338
4350
4383
4447
4461
4517
4550
4573
4589
4659
4690
9
108
159
177
294
375
379
417
480
491
536
539
572
585
651
689
705
887
950
1001
1043
1061
1149
1203
1205
1210
1223
1338
1344
1358
1373
1389
1399
1503
1512
1725
1726
1735
1893
1979
1990
2039
2050
2184
2250
2315
2350
2402
2410
2414
2435
2514
2530
2542
2620
2623
2674
2702
2725
2851
2867
2909
2921
2922
2931
2964
3018
3034
3038
3044
3141
3151
3217
3245
3271
3274
3277
3286
3323
3395
3458
3581
3610
3624
3686
3707
3734
3798
3818
3857
3888
3906
3928
3943
3961
4016
4034
4036
4043
4110
4124
4177
4248
4276
4308
4333
4339
4369
4375
4409
4494
4520
4527
4644
17
20
72
76
79
83
96
108
124
136
159
175
177
244
294
315
332
341
412
422
423
431
491
496
516
549
565
585
676
689
774
798
800
837
845
869
914
927
935
1001
1074
1205
1223
1260
1261
1286
1317
1320
1338
1347
1358
1370
1389
1401
1450
1489
1535
1599
1606
1636
1672
1726
1727
1749
1789
1871
1893
1902
1934
1939
1945
1979
1988
1998
2039
2042
2090
2152
2156
2180
2198
2250
2325
2327
2363
2406
2416
2435
2513
2522
2530
2550
2594
2620
2623
2674
2702
2715
2752
2839
2867
2909
2922
2961
3007
3012
3018
3038
3044
3045
3059
3092
3162
3254
3271
3277
3286
3321
3335
3415
3420
3429
3458
3484
3581
3596
3610
3615
3619
3624
3648
3653
3677
3686
3763
3775
3777
3797
3818
3853
3857
3862
3877
3888
3907
3911
4007
4036
4042
4043
4068
4091
4096
4158
4185
4216
4231
4259
4276
4280
4291
4307
4318
4339
4369
4437
4458
4484
4494
4496
4520
4536
4602
4614
4644
4646
4682
20
72
76
79
83
96
108
159
175
176
177
315
332
341
412
422
423
431
491
496
516
545
565
585
656
676
689
774
798
800
837
845
869
914
927
935
1074
1205
1223
1260
1261
1317
1320
1370
1389
1401
1450
1460
1497
1512
1535
1599
1606
1636
1672
1726
1727
1749
1789
1863
1871
1893
1934
1939
1945
1975
1979
1988
1998
2042
2090
2152
2156
2180
2198
2250
2325
2406
2416
2435
2510
2522
2550
2594
2622
2623
2715
2839
2922
2938
2961
3007
3012
3038
3044
3045
3092
3162
3254
3271
3321
3335
3420
3429
3484
3575
3596
3615
3624
3648
3677
3686
3713
3763
3777
3797
3813
3818
3853
3857
3862
3877
3888
3907
3911
3943
3958
4007
4043
4068
4091
4096
4124
4158
4216
4231
4259
4276
4280
4291
4406
4420
4437
4484
4496
4536
4602
4614
4646
4682
108
159
175
177
375
379
406
480
491
500
536
539
545
572
651
689
705
798
927
950
1001
1043
1203
1210
1223
1338
1344
1373
1389
1399
1460
1512
1583
1701
1725
1726
1893
1975
1990
2050
2142
2250
2315
2350
2402
2406
2410
2435
2514
2530
2542
2594
2620
2623
2674
2702
2725
2762
2921
2922
2961
3034
3038
3044
3217
3241
3254
3271
3321
3323
3575
3581
3615
3624
3686
3707
3734
3790
3798
3818
3907
3943
3961
4007
4043
4124
4177
4248
4276
4318
4333
4369
4388
4494
4527
8
27
176
240
338
343
423
428
496
510
520
522
523
574
585
605
653
656
673
675
713
735
742
811
837
885
945
959
990
1037
1051
1093
1096
1102
1137
1185
1240
1265
1266
1295
1334
1343
1358
1380
1383
1386
1401
1408
1421
1427
1430
1455
1466
1476
1485
1545
1564
1578
1596
1602
1611
1656
1672
1675
1676
1757
1772
1828
1846
1861
1886
1902
1950
1973
1994
2053
2084
2140
2200
2264
2274
2284
2328
2424
2453
2463
2464
2485
2510
2628
2715
2785
2794
2801
2827
2841
2853
2909
2930
2949
2998
3048
3050
3110
3119
3120
3128
3141
3146
3157
3169
3218
3230
3243
3251
3286
3305
3337
3432
3568
3582
3608
3618
3620
3624
3638
3648
3655
3663
3677
3701
3721
3734
3769
3772
3785
3814
3818
3852
3865
3888
3904
3950
4015
4036
4043
4064
4091
4102
4103
4113
4190
4191
4240
4255
4273
4299
4314
4339
4378
4409
4424
4426
4569
4658
8
22
26
27
62
104
132
136
145
158
238
240
248
263
338
343
350
381
416
417
484
504
513
520
522
523
540
574
585
591
605
612
640
655
673
675
690
728
735
749
768
780
792
798
809
814
882
927
956
959
983
1037
1041
1051
1074
1097
1137
1149
1190
1248
1265
1291
1303
1304
1320
1324
1334
1343
1347
1350
1358
1363
1375
1386
1430
1432
1455
1466
1476
1485
1504
1516
1564
1572
1574
1578
1611
1623
1669
1675
1717
1725
1757
1771
1821
1828
1836
1846
1870
1886
1888
1902
1943
1945
1950
1959
1973
1994
2024
2053
2084
2088
2093
2118
2125
2140
2153
2158
2184
2228
2264
2274
2327
2361
2374
2399
2431
2433
2439
2463
2485
2503
2507
2598
2607
2617
2627
2628
2646
2660
2669
2704
2715
2716
2785
2794
2805
2827
2865
2875
2899
2905
2909
2976
3007
3050
3056
3059
3083
3088
3093
3110
3120
3124
3125
3141
3146
3157
3169
3274
3286
3347
3363
3432
3458
3473
3488
3490
3526
3534
3560
3568
3582
3608
3618
3620
3624
3627
3636
3644
3653
3655
3663
3675
3701
3702
3763
3766
3772
3785
3802
3818
3874
3888
3920
3950
3970
4014
4015
4036
4042
4043
4102
4103
4109
4113
4123
4166
4190
4240
4249
4255
4280
4299
4314
4315
4339
4349
4362
4371
4377
4395
4401
4409
4415
4426
4450
4465
4491
4513
4558
4560
4569
4571
4631
8
26
62
104
132
136
145
238
240
248
343
350
381
416
484
504
513
520
522
523
540
574
591
605
612
640
655
673
690
728
735
749
780
792
798
809
814
882
927
956
983
1024
1037
1041
1051
1074
1097
1137
1190
1248
1265
1291
1303
1304
1320
1324
1334
1350
1363
1375
1430
1432
1455
1476
1485
1516
1572
1574
1578
1582
1611
1623
1626
1669
1675
1717
1757
1771
1789
1821
1836
1870
1888
1943
1945
1959
1975
2024
2053
2084
2088
2093
2118
2125
2142
2153
2158
2228
2264
2361
2374
2399
2431
2433
2439
2463
2485
2503
2560
2598
2607
2617
2622
2627
2628
2646
2660
2669
2704
2715
2716
2785
2805
2827
2865
2875
2899
2905
2976
3007
3056
3083
3088
3093
3110
3120
3124
3125
3157
3160
3169
3213
3347
3363
3432
3473
3488
3490
3526
3534
3560
3568
3575
3596
3618
3620
3624
3627
3636
3644
3655
3663
3675
3702
3763
3766
3772
3785
3802
3818
3874
3920
3950
3970
4014
4015
4043
4103
4109
4123
4166
4190
4221
4240
4249
4280
4315
4349
4362
4371
4377
4395
4401
4415
4450
4465
4491
4513
4558
4560
4571
4631
8
176
240
343
423
496
504
520
522
523
574
605
656
673
675
735
837
885
959
990
1024
1037
1051
1137
1265
1334
1401
1408
1430
1455
1476
1485
1578
1611
1672
1675
1757
1772
1828
1861
1863
1893
1975
1994
2053
2084
2142
2264
2463
2485
2510
2627
2628
2715
2785
2827
2956
3110
3120
3157
3160
3169
3213
3337
3432
3568
3575
3618
3620
3624
3644
3648
3655
3663
3677
3766
3772
3785
3818
3950
4015
4043
4091
4103
4190
4191
4221
4240
4314
4378
16
17
39
77
82
89
114
115
154
165
190
229
238
248
306
314
324
352
375
401
407
435
480
490
518
525
530
536
541
545
558
568
569
578
581
585
602
664
744
755
775
798
814
824
856
870
882
927
936
958
975
976
1022
1045
1073
1141
1204
1236
1254
1261
1273
1276
1313
1324
1358
1373
1376
1400
1445
1450
1453
1460
1516
1531
1551
1555
1562
1585
1587
1588
1599
1601
1602
1616
1652
1675
1684
1751
1761
1771
1778
1802
1805
1836
1859
1886
1921
1933
1942
1950
1963
1979
2002
2075
2093
2122
2132
2158
2165
2228
2234
2262
2272
2283
2289
2296
2315
2374
2399
2433
2439
2497
2569
2599
2638
2650
2663
2669
2677
2702
2720
2775
2801
2803
2818
2847
2874
2901
2909
2918
2945
2954
2971
3009
3018
3037
3042
3059
3083
3092
3110
3119
3130
3418
3428
3440
3473
3534
3560
3624
3636
3702
3711
3725
3728
3734
3776
3801
3817
3818
3854
3878
3888
3910
3938
3943
3962
3970
3983
4032
4036
4043
4059
4111
4124
4146
4166
4177
4189
4249
4259
4288
4314
4339
4366
4401
4404
4409
4413
4421
4491
4493
4505
4560
4651
4674
4681
4688
2
16
17
24
39
47
74
77
89
101
165
172
219
229
238
239
259
268
281
300
307
314
327
339
343
349
355
387
398
401
407
428
510
518
530
539
541
542
568
569
581
602
631
642
651
662
664
683
688
690
713
742
755
765
795
817
854
892
927
938
958
961
988
1022
1074
1078
1083
1135
1141
1162
1203
1204
1210
1231
1256
1268
1273
1274
1277
1288
1307
1313
1315
1328
1337
1339
1358
1400
1417
1425
1467
1484
1521
1529
1546
1551
1553
1555
1562
1587
1588
1595
1607
1616
1634
1636
1652
1655
1659
1675
1758
1766
1778
1787
1802
1827
1836
1881
1886
1903
1909
1918
1933
1936
1942
1950
1953
1964
1966
2002
2003
2009
2020
2097
2108
2122
2144
2165
2240
2265
2270
2284
2285
2288
2289
2293
2296
2328
2337
2387
2400
2424
2453
2454
2500
2545
2581
2616
2631
2638
2642
2643
2663
2677
2698
2700
2702
2737
2803
2807
2846
2847
2853
2861
2888
2901
2908
2918
2920
2921
2945
2950
2957
2959
2977
3007
3014
3018
3037
3048
3051
3059
3075
3128
3130
3189
3196
3218
3229
3282
3286
3296
3316
3326
3358
3378
3435
3458
3476
3492
3516
3556
3591
3616
3619
3624
3625
3633
3638
3711
3724
3725
3728
3763
3783
3798
3801
3818
3850
3862
3864
3866
3873
3878
3887
3901
3906
3910
3912
3928
3962
3987
3996
4026
4032
4036
4043
4096
4108
4110
4111
4122
4130
4146
4165
4172
4174
4177
4234
4280
4288
4305
4314
4339
4347
4374
4379
4409
4421
4430
4443
4452
4505
4521
4572
4580
4593
4604
4613
4622
4626
4642
4644
4652
4657
4668
4678
4681
4684
4688
2
16
23
24
47
74
89
101
165
172
219
229
238
239
259
268
281
300
307
314
327
339
343
346
349
355
375
387
398
401
407
445
480
518
536
541
542
545
560
568
581
631
645
662
664
683
688
700
758
765
794
795
797
817
854
870
892
927
938
958
977
988
997
1022
1024
1074
1078
1083
1135
1141
1162
1204
1210
1231
1256
1268
1273
1274
1277
1288
1307
1313
1315
1328
1337
1339
1373
1400
1410
1417
1425
1437
1460
1467
1484
1521
1529
1546
1551
1553
1555
1582
1587
1588
1595
1607
1631
1634
1636
1652
1655
1659
1668
1675
1753
1758
1766
1769
1778
1787
1802
1804
1827
1836
1851
1881
1909
1918
1936
1942
1945
1953
1964
1966
1979
2003
2009
2020
2097
2107
2108
2120
2122
2144
2240
2265
2285
2288
2306
2315
2337
2387
2400
2454
2500
2545
2581
2622
2638
2642
2643
2677
2698
2700
2737
2803
2807
2846
2847
2861
2875
2888
2894
2908
2918
2920
2929
2950
2957
2959
3007
3051
3075
3189
3196
3203
3213
3229
3282
3296
3326
3351
3358
3378
3435
3492
3516
3556
3591
3616
3624
3625
3633
3671
3679
3708
3711
3724
3728
3763
3783
3801
3818
3862
3864
3866
3873
3887
3901
3912
3926
3943
3944
3987
3996
4021
4026
4096
4108
4111
4122
4124
4130
4146
4172
4199
4234
4280
4288
4332
4347
4374
4379
4386
4429
4430
4443
4452
4505
4521
4572
4580
4593
4604
4613
4622
4626
4642
4657
4659
4668
4678
4681
4684
2
16
17
89
137
165
229
238
248
306
314
339
375
401
407
480
518
536
541
542
545
558
568
581
642
645
664
744
775
798
814
870
882
927
958
1022
1073
1204
1254
1261
1273
1313
1324
1364
1373
1376
1400
1410
1450
1460
1516
1531
1551
1555
1587
1588
1599
1602
1652
1675
1771
1778
1802
1836
1921
1942
2002
2093
2122
2158
2165
2228
2234
2296
2315
2374
2399
2433
2439
2569
2638
2669
2677
2702
2803
2846
2847
2874
2894
2918
3051
3083
3092
3119
3351
3473
3534
3560
3575
3624
3636
3702
3711
3728
3818
3943
3970
4014
4111
4124
4146
4166
4189
4249
4259
4288
4314
4401
4409
4413
4491
4493
4505
4560
4593
4659
4681
6
10
17
46
49
64
101
142
151
160
212
232
238
239
267
268
301
314
333
343
392
409
415
419
420
468
473
519
555
562
585
646
663
672
688
694
711
730
740
778
783
801
843
854
859
927
932
948
956
973
994
1023
1044
1050
1053
1058
1091
1135
1158
1162
1177
1206
1210
1235
1288
1290
1296
1306
1362
1381
1395
1421
1423
1431
1477
1503
1506
1524
1525
1560
1582
1605
1615
1623
1640
1651
1668
1675
1708
1716
1764
1783
1806
1860
1896
1924
1950
1992
2023
2033
2055
2060
2075
2085
2087
2114
2115
2144
2153
2216
2237
2251
2273
2288
2317
2344
2411
2417
2423
2492
2496
2502
2535
2547
2551
2577
2578
2596
2599
2643
2650
2655
2658
2668
2696
2702
2749
2823
2833
2903
2909
2919
2920
2953
2957
2962
2967
2977
2987
2991
2993
3054
3059
3110
3125
3158
3159
3162
3179
3182
3197
3221
3235
3265
3268
3276
3317
3379
3383
3386
3429
3461
3467
3474
3481
3482
3490
3516
3531
3604
3624
3625
3629
3632
3661
3698
3704
3742
3808
3829
3832
3851
3871
3888
3904
3991
3995
4036
4043
4083
4111
4112
4114
4122
4174
4220
4234
4246
4248
4271
4300
4313
4314
4339
4353
4374
4409
4410
4444
4460
4462
4469
4552
4572
4581
4626
4668
4678
2
10
17
46
88
154
164
180
212
279
280
281
288
297
301
314
323
333
343
352
355
409
419
468
473
493
497
511
555
560
582
585
594
597
604
631
653
663
690
694
704
716
740
742
778
783
787
788
798
801
824
878
886
901
909
915
920
927
931
932
948
967
976
979
991
993
995
1023
1033
1036
1053
1073
1074
1091
1095
1099
1114
1160
1199
1222
1290
1306
1320
1346
1358
1395
1407
1442
1498
1506
1525
1548
1560
1579
1605
1636
1649
1671
1675
1676
1688
1708
1718
1737
1783
1806
1829
1924
1927
1992
2033
2042
2060
2113
2124
2132
2136
2200
2214
2237
2249
2251
2263
2267
2288
2317
2322
2362
2402
2417
2437
2497
2502
2505
2540
2551
2573
2616
2631
2634
2645
2647
2696
2702
2708
2779
2807
2816
2823
2831
2875
2879
2903
2909
2953
2956
2967
2969
2986
3007
3009
3084
3126
3148
3154
3179
3235
3269
3306
3320
3333
3338
3345
3379
3429
3440
3455
3461
3474
3475
3506
3518
3531
3535
3541
3605
3624
3661
3680
3686
3698
3704
3723
3732
3742
3752
3755
3763
3804
3832
3834
3862
3873
3888
3925
3929
3982
3991
4036
4043
4111
4148
4159
4172
4192
4199
4220
4260
4280
4314
4339
4351
4353
4355
4357
4409
4410
4411
4460
4462
4468
4479
4513
4552
4617
4652
4671
2
10
46
88
98
164
180
199
212
279
281
288
296
297
314
323
333
343
355
409
419
425
464
468
473
492
493
497
511
538
560
594
597
604
631
690
716
783
787
788
798
801
843
886
901
909
915
920
927
931
932
948
967
979
988
991
995
1023
1024
1033
1036
1053
1074
1095
1099
1114
1160
1199
1222
1306
1320
1346
1394
1395
1407
1442
1498
1506
1525
1548
1560
1605
1636
1649
1671
1675
1688
1718
1737
1806
1829
1924
1927
1957
1992
2033
2046
2060
2113
2136
2214
2237
2249
2251
2299
2322
2362
2417
2437
2502
2505
2540
2547
2551
2573
2622
2634
2645
2679
2696
2708
2729
2779
2807
2816
2831
2875
2879
2927
2953
2956
2967
2968
2969
2986
3007
3084
3112
3126
3148
3154
3159
3179
3235
3269
3306
3320
3333
3338
3345
3379
3381
3429
3455
3475
3506
3518
3531
3535
3541
3605
3624
3680
3686
3698
3723
3732
3742
3752
3755
3763
3804
3834
3862
3873
3879
3925
3929
3982
3991
4043
4111
4148
4159
4192
4199
4220
4260
4280
4351
4353
4355
4357
4411
4462
4468
4513
4617
4621
4671
10
17
46
49
101
160
199
212
238
239
268
296
314
333
343
409
419
420
468
473
519
538
646
663
688
758
783
797
801
843
854
927
932
948
956
1023
1024
1050
1053
1135
1158
1162
1206
1210
1288
1306
1381
1395
1506
1582
1605
1623
1668
1675
1708
1753
1769
1806
1924
1957
1975
1992
2033
2060
2113
2142
2144
2153
2237
2251
2299
2417
2502
2547
2551
2577
2643
2679
2696
2702
2729
2920
2953
2957
2967
2968
3125
3158
3162
3179
3235
3337
3379
3381
3429
3481
3490
3516
3531
3624
3625
3698
3704
3804
3808
3834
3879
3944
3991
4111
4112
4122
4220
4221
4234
4271
4300
4314
4353
4374
4410
4460
4552
4572
4581
4626
4668
4678
5
93
180
200
209
246
248
262
305
323
326
327
343
345
373
377
388
468
511
530
562
585
598
611
644
666
716
746
752
767
792
798
802
823
827
830
863
864
928
931
944
984
986
995
1011
1018
1033
1064
1107
1131
1141
1177
1208
1264
1348
1384
1390
1404
1409
1567
1571
1576
1607
1640
1650
1678
1682
1688
1718
1729
1763
1792
1829
1879
1880
1920
2058
2063
2072
2085
2092
2093
2139
2171
2187
2202
2224
2240
2249
2251
2266
2288
2311
2324
2330
2337
2380
2427
2434
2445
2463
2487
2505
2571
2597
2610
2617
2642
2645
2677
2692
2711
2721
2735
2738
2748
2755
2773
2819
2848
2866
2878
2884
2908
2909
2986
2995
3033
3035
3089
3091
3103
3114
3234
3261
3301
3326
3329
3394
3413
3459
3487
3502
3525
3527
3535
3540
3542
3624
3641
3650
3686
3703
3704
3732
3743
3783
3788
3797
3805
3818
3831
3836
3859
3861
3885
3888
3957
3977
3981
3988
3996
3998
4026
4043
4066
4072
4077
4128
4156
4210
4220
4229
4303
4304
4323
4337
4339
4357
4381
4382
4392
4451
4466
4479
4486
4488
4497
4607
4613
4629
4663
4664
3
6
64
85
86
127
151
154
170
190
198
200
246
248
262
267
286
305
324
326
343
345
373
380
386
388
420
421
435
441
455
462
468
524
530
585
598
608
619
644
661
666
688
690
724
733
742
753
759
818
827
830
844
849
854
859
860
862
874
883
898
911
930
940
950
954
984
986
994
1011
1013
1017
1038
1044
1045
1064
1107
1119
1140
1141
1144
1155
1161
1177
1192
1210
1240
1348
1390
1409
1411
1453
1475
1537
1543
1571
1576
1604
1641
1644
1650
1654
1677
1678
1682
1699
1716
1750
1761
1763
1794
1922
1950
2019
2030
2042
2051
2072
2073
2124
2131
2138
2171
2175
2187
2202
2240
2277
2288
2294
2324
2374
2380
2394
2427
2450
2463
2480
2540
2541
2571
2597
2599
2610
2630
2655
2657
2658
2677
2690
2715
2735
2747
2748
2749
2755
2772
2773
2790
2795
2801
2806
2819
2833
2835
2837
2848
2855
2866
2875
2878
2884
2909
2920
2957
3002
3024
3058
3059
3063
3069
3086
3091
3095
3111
3137
3138
3142
3150
3164
3187
3194
3197
3234
3269
3281
3294
3317
3333
3394
3399
3413
3444
3463
3487
3500
3502
3525
3540
3578
3623
3624
3625
3626
3635
3702
3704
3733
3762
3788
3817
3818
3822
3823
3831
3859
3861
3888
3936
3957
3960
3969
3981
3995
4035
4036
4043
4072
4156
4175
4184
4210
4243
4300
4304
4323
4337
4339
4361
4409
4441
4451
4462
4488
4491
4498
4540
4549
4605
4629
4645
4648
4654
4663
4668
4678
3
59
85
86
129
170
198
200
246
248
262
286
305
326
343
380
388
421
441
455
462
524
608
619
644
666
688
724
733
753
759
818
827
830
844
849
854
860
862
874
883
898
911
930
940
986
1013
1017
1024
1038
1064
1082
1107
1119
1136
1140
1144
1155
1161
1192
1210
1348
1363
1409
1411
1475
1537
1543
1571
1576
1604
1641
1644
1650
1654
1677
1678
1682
1699
1750
1769
1794
1922
2019
2030
2051
2073
2124
2131
2138
2175
2187
2240
2251
2277
2288
2294
2324
2374
2394
2450
2463
2480
2540
2541
2571
2597
2610
2630
2657
2677
2679
2690
2715
2755
2772
2790
2795
2806
2819
2835
2837
2848
2855
2866
2875
2884
2920
2957
3002
3024
3058
3063
3069
3071
3086
3095
3111
3137
3138
3142
3150
3164
3187
3194
3234
3269
3281
3294
3333
3381
3394
3399
3413
3444
3463
3487
3500
3502
3525
3529
3578
3623
3624
3625
3626
3635
3673
3684
3702
3733
3762
3788
3818
3822
3823
3859
3861
3936
3960
3969
3981
4035
4175
4184
4210
4243
4304
4323
4337
4361
4381
4441
4451
4488
4491
4498
4540
4549
4605
4645
4648
4654
4663
4668
4678
180
200
246
248
262
305
323
326
327
343
388
468
511
644
666
692
716
792
798
827
830
863
864
931
986
995
1018
1024
1033
1064
1107
1141
1348
1409
1437
1484
1571
1576
1607
1650
1678
1682
1688
1718
1829
2085
2187
2240
2249
2251
2324
2337
2445
2463
2474
2505
2559
2571
2597
2610
2617
2642
2645
2677
2679
2819
2848
2866
2884
2908
2986
2995
3027
3075
3089
3126
3153
3234
3255
3326
3394
3413
3487
3502
3525
3528
3535
3624
3650
3686
3732
3783
3788
3797
3818
3859
3861
3885
3981
3996
4026
4210
4220
4304
4323
4337
4357
4419
4451
4486
4613
4663
75
112
121
126
127
155
236
266
274
277
283
304
314
343
360
370
380
405
416
429
441
455
486
497
501
517
524
562
585
627
647
648
672
688
696
729
733
760
764
793
830
849
853
927
928
930
941
969
978
1010
1017
1026
1039
1049
1054
1062
1067
1068
1069
1073
1074
1106
1122
1129
1131
1145
1192
1210
1240
1301
1341
1355
1405
1423
1443
1447
1458
1489
1491
1496
1508
1515
1524
1525
1539
1581
1591
1604
1610
1658
1677
1689
1699
1710
1721
1784
1855
1922
1949
1950
1980
1995
2006
2021
2043
2051
2054
2066
2071
2092
2096
2183
2193
2208
2210
2213
2240
2255
2297
2303
2324
2328
2329
2369
2374
2399
2409
2425
2432
2451
2466
2483
2500
2518
2529
2541
2603
2610
2619
2620
2650
2667
2678
2683
2685
2702
2712
2719
2727
2755
2796
2837
2855
2868
2878
2903
2909
2920
2932
2936
2987
3020
3059
3073
3111
3112
3114
3127
3136
3137
3140
3144
3164
3172
3193
3194
3226
3262
3269
3300
3307
3319
3330
3362
3405
3457
3458
3478
3510
3532
3540
3561
3619
3624
3625
3632
3640
3642
3654
3665
3702
3704
3733
3770
3800
3813
3818
3823
3833
3856
3859
3862
3888
3904
3960
3984
4019
4024
4036
4043
4058
4066
4072
4100
4107
4111
4134
4154
4156
4175
4231
4236
4237
4242
4282
4285
4305
4311
4313
4323
4339
4399
4400
4409
4418
4425
4451
4479
4488
4492
4495
4511
4518
4519
4525
4532
4539
4585
4615
4630
4632
4648
4668
4673
28
33
58
93
106
116
126
133
149
154
185
196
220
235
243
257
277
314
343
355
362
370
422
429
501
524
532
560
584
585
609
627
638
647
648
670
690
714
729
737
746
757
764
825
830
871
874
877
927
933
940
941
944
969
978
1048
1049
1054
1061
1062
1067
1068
1069
1074
1106
1129
1131
1134
1139
1153
1160
1178
1192
1207
1216
1217
1227
1255
1264
1301
1340
1341
1372
1404
1443
1447
1448
1458
1496
1515
1524
1525
1534
1539
1550
1581
1624
1633
1636
1657
1716
1719
1721
1728
1729
1766
1775
1785
1796
1852
1853
1855
1862
1871
1877
1881
1883
1901
1931
1940
1950
1966
1984
1989
2006
2042
2046
2066
2109
2164
2208
2255
2273
2282
2288
2324
2340
2385
2394
2466
2471
2483
2487
2527
2574
2596
2600
2609
2610
2620
2631
2678
2683
2685
2702
2708
2711
2755
2766
2835
2878
2903
2909
2916
2925
2936
2965
2980
2987
3002
3007
3020
3024
3048
3059
3064
3069
3114
3132
3138
3144
3145
3172
3226
3253
3267
3268
3271
3300
3312
3319
3330
3333
3339
3343
3345
3416
3422
3430
3458
3491
3518
3520
3523
3532
3542
3623
3624
3704
3743
3745
3761
3763
3800
3818
3822
3825
3831
3854
3856
3859
3862
3873
3888
3902
3914
3933
3949
3963
3969
3995
4011
4012
4018
4023
4036
4040
4043
4056
4058
4066
4072
4100
4111
4126
4134
4149
4156
4167
4172
4179
4184
4196
4229
4231
4237
4241
4242
4256
4273
4280
4285
4303
4314
4327
4339
4345
4351
4389
4399
4400
4402
4409
4418
4431
4451
4466
4495
4497
4498
4519
4525
4539
4568
4585
4622
4625
4632
4654
4667
4673
28
33
50
57
58
106
116
133
149
182
185
196
220
235
243
257
277
313
314
343
346
355
362
370
422
425
429
501
524
532
560
584
609
627
638
647
648
670
690
714
737
757
764
825
830
871
874
877
927
933
940
941
1024
1048
1049
1062
1067
1068
1074
1082
1103
1106
1129
1131
1134
1139
1153
1157
1160
1178
1192
1207
1216
1217
1227
1241
1255
1283
1301
1340
1341
1372
1402
1443
1446
1447
1448
1458
1515
1525
1532
1534
1550
1581
1582
1624
1633
1636
1657
1721
1728
1766
1775
1785
1796
1804
1852
1853
1855
1862
1871
1877
1881
1883
1901
1911
1931
1940
1966
1984
1989
2006
2046
2109
2135
2142
2164
2208
2282
2288
2324
2340
2385
2394
2413
2466
2471
2527
2532
2574
2600
2609
2610
2677
2678
2683
2708
2755
2766
2835
2903
2916
2925
2936
2965
2980
3002
3007
3020
3024
3048
3055
3064
3069
3138
3144
3145
3172
3203
3253
3267
3271
3312
3319
3333
3339
3343
3345
3375
3416
3422
3430
3479
3491
3518
3520
3523
3532
3585
3623
3624
3642
3733
3745
3761
3763
3800
3818
3822
3825
3854
3856
3859
3862
3873
3879
3893
3902
3914
3933
3935
3949
3963
3969
4011
4012
4018
4023
4040
4043
4056
4058
4100
4111
4126
4134
4149
4156
4167
4179
4184
4196
4237
4241
4242
4256
4272
4280
4327
4345
4351
4389
4399
4400
4402
4409
4418
4431
4434
4451
4495
4498
4519
4525
4528
4539
4568
4585
4622
4625
4654
4667
4673
50
57
59
75
129
235
274
277
313
314
343
346
370
380
405
416
425
429
441
445
455
492
497
501
524
562
627
647
648
670
672
688
700
733
760
764
809
830
849
854
871
927
930
941
1017
1039
1049
1062
1067
1068
1073
1082
1106
1122
1129
1136
1157
1192
1210
1240
1241
1301
1341
1355
1363
1402
1443
1446
1447
1458
1496
1515
1553
1581
1588
1604
1610
1658
1677
1699
1721
1769
1804
1851
1852
1855
1877
1922
1940
2006
2051
2073
2108
2120
2130
2183
2208
2240
2324
2374
2409
2413
2466
2500
2541
2560
2610
2622
2677
2678
2679
2683
2702
2737
2755
2796
2837
2855
2878
2903
2920
2936
2957
3020
3055
3059
3111
3112
3114
3137
3140
3144
3164
3172
3187
3194
3203
3213
3262
3269
3319
3381
3478
3479
3532
3561
3624
3625
3642
3654
3673
3684
3702
3704
3733
3745
3770
3800
3813
3818
3823
3856
3859
3879
3904
3936
3960
4021
4043
4058
4100
4108
4111
4134
4149
4154
4156
4175
4236
4237
4242
4272
4311
4323
4339
4399
4400
4418
4429
4434
4451
4491
4492
4495
4519
4521
4539
4615
4648
4654
4668
4673
4678
14
19
76
153
161
182
220
245
262
318
344
362
421
426
441
456
501
502
508
530
531
537
561
562
585
591
597
598
601
677
699
718
762
813
826
827
830
834
874
927
992
1012
1023
1034
1074
1087
1118
1188
1193
1195
1207
1262
1280
1297
1356
1374
1397
1407
1444
1500
1502
1525
1541
1544
1553
1666
1714
1723
1731
1743
1745
1775
1793
1807
1830
1833
1838
1911
1950
1954
1958
1987
2029
2037
2047
2057
2066
2071
2109
2132
2151
2161
2185
2204
2242
2298
2306
2324
2338
2353
2372
2375
2377
2384
2390
2400
2423
2448
2452
2463
2504
2508
2515
2546
2558
2599
2609
2610
2611
2678
2685
2690
2697
2755
2780
2786
2795
2798
2869
2909
2915
2941
2951
2969
2974
2980
3013
3033
3048
3059
3114
3116
3155
3163
3165
3193
3210
3232
3260
3267
3275
3283
3292
3295
3298
3340
3368
3374
3380
3387
3403
3441
3491
3523
3603
3609
3624
3659
3679
3683
3691
3704
3712
3714
3738
3764
3802
3888
3911
3926
3986
4013
4023
4036
4043
4048
4061
4063
4111
4147
4156
4169
4182
4219
4266
4279
4314
4339
4345
4346
4361
4362
4363
4365
4372
4373
4410
4416
4435
4445
4454
4456
4470
4528
4535
4575
4585
4675
4685
2
19
25
47
65
119
130
161
195
210
228
245
283
293
297
300
318
337
344
361
391
404
410
411
424
441
448
449
456
458
459
479
494
530
537
560
561
585
598
601
603
613
614
646
685
688
698
702
730
746
762
775
799
810
813
826
830
854
905
906
918
940
944
952
960
981
1023
1034
1047
1073
1091
1101
1116
1154
1197
1210
1240
1262
1280
1323
1356
1398
1429
1444
1478
1479
1489
1500
1505
1525
1541
1544
1580
1618
1619
1636
1638
1643
1655
1660
1680
1723
1741
1745
1768
1793
1807
1834
1835
1871
1885
1896
1910
1920
1937
1950
1958
1984
1985
2037
2047
2049
2057
2066
2081
2132
2134
2161
2188
2204
2206
2209
2268
2279
2286
2298
2305
2319
2324
2328
2330
2353
2370
2390
2399
2452
2463
2495
2504
2508
2509
2515
2518
2553
2558
2572
2577
2583
2608
2610
2631
2680
2692
2694
2698
2723
2742
2755
2762
2780
2786
2797
2798
2835
2836
2868
2886
2898
2909
2920
2924
2926
2933
2944
2974
2990
2997
2998
3002
3005
3007
3008
3011
3017
3024
3054
3059
3073
3108
3109
3114
3116
3117
3123
3155
3165
3184
3198
3214
3215
3221
3224
3233
3238
3291
3295
3298
3304
3316
3332
3345
3348
3360
3362
3364
3393
3405
3443
3465
3476
3481
3495
3512
3527
3536
3540
3544
3547
3562
3589
3592
3597
3603
3617
3619
3622
3624
3625
3653
3659
3660
3683
3688
3704
3709
3714
3731
3734
3738
3750
3753
3757
3763
3764
3765
3822
3826
3844
3862
3869
3873
3888
3903
3941
3945
3953
3968
3973
3978
3979
4008
4013
4027
4036
4040
4043
4044
4067
4083
4099
4111
4112
4117
4145
4156
4167
4180
4181
4182
4184
4219
4238
4244
4245
4248
4261
4266
4305
4314
4316
4339
4358
4363
4365
4391
4399
4410
4416
4417
4428
4433
4445
4454
4456
4470
4480
4491
4499
4504
4506
4512
4532
4533
4535
4554
4567
4574
4575
4580
4582
4585
4586
4603
4616
4633
4661
4664
4668
4672
4678
4685
2
25
47
65
119
130
161
182
195
210
228
245
293
297
300
303
318
337
344
346
361
391
404
410
411
424
441
448
449
459
479
494
530
557
560
561
603
613
614
685
688
698
702
775
797
799
810
813
826
830
854
875
905
906
940
960
981
1023
1024
1034
1047
1049
1087
1101
1106
1116
1136
1154
1197
1210
1220
1258
1262
1280
1323
1356
1398
1429
1444
1446
1479
1502
1505
1525
1541
1544
1550
1580
1582
1618
1619
1636
1638
1643
1655
1660
1680
1723
1741
1745
1768
1769
1793
1807
1834
1835
1871
1885
1910
1931
1937
1984
1985
2047
2049
2057
2081
2134
2142
2188
2204
2206
2209
2268
2279
2286
2298
2305
2319
2324
2370
2452
2463
2495
2508
2509
2515
2553
2558
2572
2583
2608
2610
2664
2678
2680
2692
2694
2698
2723
2724
2742
2755
2759
2762
2780
2786
2797
2798
2835
2836
2886
2898
2920
2924
2926
2928
2933
2944
2974
2990
2997
3002
3005
3007
3008
3011
3017
3024
3073
3108
3109
3114
3116
3117
3123
3165
3184
3198
3213
3214
3215
3216
3224
3233
3238
3291
3295
3298
3332
3345
3348
3360
3393
3443
3465
3472
3495
3512
3520
3536
3544
3547
3557
3562
3589
3592
3597
3603
3617
3622
3624
3625
3653
3659
3660
3684
3688
3709
3714
3731
3734
3739
3750
3753
3757
3763
3764
3765
3812
3822
3826
3844
3862
3869
3873
3894
3903
3914
3941
3945
3953
3968
3973
3978
3979
4008
4013
4027
4040
4043
4044
4067
4099
4111
4117
4145
4167
4180
4182
4184
4219
4238
4244
4245
4256
4261
4266
4314
4316
4358
4363
4391
4416
4417
4428
4433
4445
4454
4456
4470
4480
4487
4491
4499
4504
4512
4533
4535
4554
4567
4574
4575
4580
4582
4585
4586
4603
4616
4633
4661
4668
4672
4673
4678
4685
25
65
76
161
182
195
220
245
262
337
344
346
362
421
424
441
501
530
561
591
597
598
613
718
826
827
830
874
875
927
960
1023
1024
1034
1049
1087
1106
1136
1207
1220
1262
1280
1356
1407
1444
1446
1500
1502
1534
1541
1544
1550
1553
1582
1723
1731
1741
1745
1775
1793
1804
1807
1910
1911
1931
2047
2057
2071
2109
2142
2204
2242
2298
2306
2324
2370
2400
2452
2463
2508
2515
2558
2609
2610
2611
2664
2678
2690
2724
2755
2780
2786
2795
2924
2926
2969
2974
2980
2990
3005
3048
3059
3116
3165
3213
3216
3267
3292
3295
3298
3387
3491
3520
3523
3557
3603
3617
3624
3659
3679
3684
3691
3712
3714
3764
3802
3894
3911
3914
3926
4013
4023
4043
4044
4048
4061
4063
4111
4182
4219
4244
4245
4256
4266
4314
4316
4345
4361
4362
4363
4372
4410
4416
4445
4454
4456
4470
4480
4487
4528
4535
4575
4673
4685
25
28
29
37
52
65
69
81
90
91
120
134
138
195
228
230
424
442
453
457
468
513
530
585
598
613
618
654
765
868
893
925
960
1006
1020
1024
1035
1085
1130
1174
1237
1248
1282
1332
1429
1434
1523
1525
1530
1572
1593
1595
1650
1661
1664
1667
1690
1717
1768
1770
1841
1867
1892
1910
1950
1997
2022
2071
2103
2112
2117
2133
2151
2160
2161
2205
2215
2218
2221
2278
2308
2320
2357
2370
2378
2391
2393
2457
2462
2473
2478
2515
2531
2555
2702
2754
2762
2763
2792
2816
2897
2909
2924
2926
2934
2987
2990
3000
3005
3006
3059
3117
3207
3458
3614
3617
3624
3653
3659
3685
3704
3782
3848
3869
3888
3903
3914
3971
4036
4038
4043
4044
4092
4133
4143
4180
4225
4235
4238
4245
4287
4301
4316
4317
4325
4334
4335
4339
4354
4386
4417
4511
4516
4525
4533
4538
4541
4561
4594
4689
29
63
81
90
91
102
120
135
139
155
179
192
230
275
319
334
384
430
453
457
468
505
517
530
534
585
598
618
646
681
711
868
916
925
937
992
1006
1010
1015
1050
1085
1150
1233
1237
1238
1257
1282
1316
1332
1376
1392
1451
1487
1490
1503
1525
1529
1650
1653
1661
1664
1770
1774
1822
1825
1841
1843
1867
1899
1900
1913
1917
1950
1954
1962
1974
1983
1997
2005
2022
2031
2037
2054
2058
2103
2110
2112
2126
2139
2155
2159
2161
2185
2203
2205
2252
2278
2345
2357
2391
2418
2423
2430
2470
2473
2478
2482
2490
2515
2531
2534
2555
2612
2631
2652
2667
2702
2715
2763
2792
2832
2873
2897
2909
2914
2934
2964
2975
2992
3000
3001
3043
3062
3085
3207
3209
3245
3259
3269
3333
3353
3417
3434
3447
3450
3458
3572
3584
3586
3602
3614
3619
3624
3628
3631
3659
3666
3685
3689
3692
3704
3763
3774
3782
3799
3821
3846
3848
3862
3873
3888
3929
3971
4025
4030
4036
4037
4043
4049
4061
4063
4109
4133
4142
4156
4164
4201
4212
4225
4235
4253
4280
4301
4306
4335
4339
4344
4362
4423
4425
4471
4482
4538
4541
4564
4577
4596
4691
25
29
50
63
65
81
91
102
120
135
139
179
182
192
193
195
275
277
313
319
334
384
400
424
430
445
453
457
505
534
613
618
658
678
681
711
719
782
868
916
925
937
960
989
1006
1015
1024
1049
1106
1109
1150
1233
1237
1241
1257
1282
1302
1316
1332
1359
1392
1402
1413
1446
1451
1486
1487
1490
1525
1529
1550
1582
1593
1650
1653
1663
1664
1674
1736
1746
1770
1774
1804
1822
1825
1841
1843
1867
1877
1882
1899
1900
1910
1913
1917
1931
1962
1974
1983
1997
2005
2031
2103
2110
2112
2126
2142
2155
2159
2203
2205
2215
2252
2278
2345
2357
2370
2371
2391
2413
2418
2423
2430
2470
2473
2478
2482
2490
2515
2517
2531
2534
2555
2612
2652
2656
2678
2715
2763
2873
2897
2914
2924
2926
2934
2966
2975
2990
2992
3001
3005
3029
3043
3062
3085
3112
3177
3207
3209
3220
3240
3259
3269
3333
3353
3401
3417
3434
3447
3479
3520
3572
3584
3586
3602
3607
3614
3617
3624
3628
3631
3659
3666
3685
3689
3692
3763
3774
3782
3796
3799
3821
3846
3848
3862
3914
3915
3929
3971
4030
4037
4043
4044
4049
4073
4109
4133
4142
4164
4201
4212
4225
4235
4245
4253
4256
4272
4280
4301
4306
4316
4330
4335
4344
4354
4362
4394
4423
4434
4471
4482
4538
4541
4564
4577
4596
4673
4691
25
28
29
50
65
81
91
120
134
182
193
195
228
230
277
313
400
424
453
457
513
613
618
658
719
765
782
797
868
925
960
1006
1024
1049
1106
1109
1197
1237
1241
1248
1282
1302
1332
1359
1402
1413
1429
1446
1486
1550
1572
1593
1595
1650
1663
1664
1674
1717
1746
1768
1770
1804
1841
1867
1877
1882
1892
1910
1931
1962
1997
2103
2112
2142
2205
2215
2278
2357
2370
2391
2413
2478
2515
2517
2531
2555
2656
2678
2702
2762
2763
2816
2897
2924
2926
2934
2966
2990
3005
3006
3117
3203
3207
3401
3479
3520
3614
3617
3624
3653
3659
3685
3782
3846
3848
3869
3903
3914
3971
4043
4044
4133
4180
4225
4235
4238
4245
4256
4272
4301
4316
4335
4354
4386
4417
4434
4525
4533
4538
4541
4673
11
63
157
162
224
290
319
378
393
466
468
469
485
498
567
585
587
654
659
686
688
721
737
758
762
773
806
854
861
916
956
966
1000
1052
1085
1106
1121
1132
1151
1173
1178
1183
1184
1210
1229
1299
1316
1327
1379
1392
1448
1463
1527
1532
1537
1600
1643
1698
1795
1803
1808
1810
1824
1972
1978
1983
1997
2034
2035
2049
2062
2071
2101
2102
2105
2126
2135
2154
2174
2189
2195
2222
2247
2252
2254
2277
2286
2316
2324
2326
2337
2353
2398
2441
2447
2490
2506
2534
2583
2584
2644
2661
2677
2684
2693
2778
2819
2822
2834
2838
2843
2850
2886
2909
2920
2975
3023
3059
3076
3112
3115
3167
3173
3188
3214
3240
3259
3269
3289
3308
3382
3390
3429
3434
3438
3439
3442
3445
3469
3521
3541
3549
3602
3624
3625
3631
3639
3704
3761
3780
3818
3842
3847
3888
3908
3913
3973
3979
4030
4036
4043
4147
4253
4286
4289
4310
4324
4339
4389
4409
4428
4491
4503
4504
4535
4543
4574
4600
4634
4653
4678
4691
4692
1
11
12
21
32
80
109
111
121
151
152
157
163
203
238
261
270
321
348
355
397
403
434
435
466
468
469
474
481
486
488
498
527
544
551
567
577
585
587
620
630
659
671
688
703
712
725
748
762
769
773
776
784
786
790
796
806
821
851
854
861
897
913
924
927
931
970
1042
1052
1063
1075
1085
1148
1181
1182
1183
1186
1195
1200
1201
1210
1243
1267
1272
1275
1305
1327
1333
1342
1355
1367
1387
1405
1433
1474
1480
1481
1523
1527
1556
1586
1608
1617
1648
1658
1666
1670
1673
1676
1687
1692
1709
1714
1720
1732
1738
1740
1788
1790
1795
1797
1808
1809
1820
1823
1824
1868
1874
1890
1897
1915
1935
1945
1947
1948
1950
1991
1993
1997
2011
2035
2036
2062
2064
2065
2093
2141
2181
2189
2195
2199
2211
2213
2222
2226
2231
2238
2247
2292
2307
2308
2313
2326
2337
2353
2354
2375
2398
2447
2448
2460
2486
2506
2519
2525
2576
2584
2605
2633
2654
2659
2661
2669
2677
2685
2693
2697
2717
2728
2746
2753
2764
2768
2778
2789
2793
2838
2843
2849
2850
2878
2909
2917
2920
2942
2957
2963
2985
2988
2994
2999
3021
3032
3059
3076
3077
3096
3114
3171
3173
3188
3190
3195
3210
3232
3246
3284
3285
3287
3308
3315
3334
3340
3357
3369
3374
3376
3382
3384
3392
3412
3425
3436
3438
3462
3464
3470
3482
3493
3516
3517
3552
3566
3595
3598
3599
3601
3624
3625
3651
3664
3681
3697
3704
3727
3731
3780
3793
3818
3855
3873
3880
3883
3886
3888
3896
3917
3919
3946
3955
3956
3992
4006
4017
4031
4036
4043
4045
4046
4048
4060
4082
4086
4089
4094
4114
4118
4127
4131
4139
4144
4156
4157
4161
4172
4187
4195
4211
4217
4226
4275
4281
4286
4298
4302
4310
4325
4331
4339
4372
4396
4398
4405
4455
4472
4478
4483
4491
4516
4518
4530
4535
4545
4563
4587
4600
4609
4627
4634
4650
4678
1
11
12
21
25
32
65
80
109
111
151
152
163
182
193
195
199
203
238
261
270
321
348
355
397
403
424
434
435
436
474
481
488
527
544
551
567
577
587
613
620
630
659
671
688
703
712
719
725
748
758
769
773
776
782
784
786
790
796
806
821
851
854
861
897
924
927
931
960
970
1024
1042
1049
1052
1063
1075
1106
1109
1148
1181
1182
1186
1200
1201
1210
1225
1243
1267
1272
1275
1302
1305
1333
1342
1367
1387
1433
1446
1474
1480
1481
1486
1494
1527
1550
1556
1586
1608
1617
1648
1663
1670
1673
1676
1687
1692
1709
1720
1732
1738
1740
1786
1788
1790
1795
1797
1809
1820
1823
1824
1868
1874
1890
1897
1910
1915
1931
1935
1945
1947
1948
1962
1991
1993
1997
2011
2035
2036
2062
2064
2065
2141
2142
2181
2189
2195
2199
2211
2222
2226
2231
2238
2247
2292
2307
2313
2326
2354
2370
2447
2460
2486
2506
2517
2519
2525
2576
2584
2605
2633
2654
2656
2659
2669
2677
2678
2693
2717
2728
2746
2753
2764
2768
2778
2789
2793
2849
2850
2917
2920
2924
2926
2942
2957
2963
2985
2988
2990
2994
2999
3005
3021
3032
3076
3077
3096
3171
3173
3188
3190
3195
3246
3284
3285
3287
3308
3315
3334
3357
3369
3376
3382
3392
3401
3412
3425
3436
3438
3462
3464
3470
3493
3516
3520
3552
3566
3595
3598
3599
3601
3617
3624
3625
3651
3664
3681
3697
3719
3727
3731
3786
3793
3818
3846
3855
3873
3880
3883
3886
3896
3914
3917
3919
3946
3955
3956
3992
4006
4017
4031
4043
4044
4045
4046
4060
4082
4086
4089
4094
4118
4127
4131
4139
4144
4157
4161
4187
4195
4211
4217
4226
4245
4256
4275
4281
4298
4302
4310
4316
4331
4396
4398
4405
4455
4472
4478
4483
4491
4530
4535
4545
4563
4587
4609
4627
4634
4650
4673
4678
11
25
63
65
182
193
195
319
424
468
567
587
613
659
678
688
719
737
758
773
782
806
854
861
916
960
989
1024
1049
1052
1106
1109
1178
1210
1225
1302
1316
1392
1446
1448
1486
1527
1532
1537
1550
1582
1643
1663
1736
1769
1795
1824
1910
1931
1962
1978
1983
1997
2035
2049
2062
2126
2135
2142
2189
2195
2222
2247
2252
2277
2286
2324
2326
2370
2447
2490
2506
2517
2534
2583
2584
2656
2677
2678
2693
2778
2819
2822
2850
2886
2920
2924
2926
2975
2990
3005
3029
3076
3112
3173
3177
3188
3214
3240
3259
3269
3308
3382
3401
3429
3434
3438
3520
3541
3602
3607
3617
3624
3625
3631
3719
3761
3780
3796
3818
3846
3908
3914
3973
3979
4030
4043
4044
4073
4245
4253
4256
4310
4316
4330
4344
4354
4389
4394
4428
4491
4504
4535
4574
4634
4673
4678
4691
17
48
51
84
118
151
179
188
238
269
298
328
331
332
364
371
376
391
439
448
475
515
521
526
530
535
548
556
566
576
579
585
596
598
621
680
688
708
736
756
763
770
786
807
825
851
854
927
931
952
966
987
1014
1084
1124
1171
1209
1210
1214
1219
1329
1377
1394
1416
1436
1525
1536
1557
1558
1598
1628
1702
1709
1712
1753
1776
1779
1812
1824
1856
1925
1935
1950
1977
1991
2028
2036
2040
2071
2083
2118
2178
2182
2211
2246
2248
2257
2291
2333
2346
2374
2386
2428
2438
2460
2463
2539
2562
2582
2624
2626
2662
2669
2691
2706
2717
2726
2733
2734
2746
2759
2761
2768
2781
2787
2864
2876
2878
2885
2904
2907
2909
2913
2920
2957
3039
3059
3114
3161
3171
3188
3217
3257
3263
3269
3287
3357
3406
3409
3412
3569
3580
3624
3625
3633
3651
3668
3702
3704
3726
3734
3771
3778
3888
3890
3921
3970
4036
4043
4053
4069
4104
4111
4156
4217
4218
4233
4247
4275
4302
4339
4409
4491
4500
4514
4523
4548
4556
4628
4638
4655
4668
4678
7
17
23
30
38
40
42
54
84
122
131
144
145
146
156
171
174
207
221
225
226
243
260
281
298
302
311
316
328
332
336
355
367
376
382
433
439
443
468
470
530
533
548
585
596
598
622
626
635
636
646
652
686
687
708
715
721
722
732
736
754
756
763
772
781
798
840
841
866
888
903
919
968
971
980
1035
1040
1056
1081
1100
1104
1111
1118
1130
1171
1174
1209
1214
1218
1219
1246
1299
1393
1397
1420
1422
1424
1436
1514
1533
1538
1558
1577
1600
1614
1632
1691
1728
1754
1760
1808
1819
1824
1829
1839
1840
1845
1856
1864
1866
1891
1900
1905
1916
1925
1929
1945
1999
2014
2016
2028
2040
2041
2068
2121
2153
2168
2182
2186
2227
2235
2241
2246
2276
2300
2320
2337
2338
2355
2358
2364
2374
2389
2403
2404
2405
2428
2457
2463
2465
2476
2479
2493
2501
2523
2539
2561
2582
2592
2601
2624
2626
2631
2635
2644
2662
2670
2684
2689
2702
2706
2718
2733
2750
2751
2761
2770
2771
2774
2788
2811
2825
2844
2864
2865
2872
2876
2885
2895
2904
2906
2924
2978
3007
3019
3059
3090
3114
3131
3161
3170
3177
3186
3188
3237
3258
3263
3289
3333
3336
3359
3370
3433
3439
3445
3471
3480
3494
3508
3537
3540
3551
3554
3619
3621
3624
3667
3668
3674
3691
3693
3702
3704
3729
3751
3763
3771
3778
3792
3820
3828
3842
3847
3862
3873
3895
3899
3913
3921
3922
3931
3947
3970
3980
3990
4012
4043
4053
4074
4101
4111
4116
4125
4129
4132
4156
4186
4218
4233
4236
4247
4263
4278
4280
4292
4295
4297
4322
4325
4336
4367
4370
4409
4440
4446
4500
4509
4514
4516
4523
4529
4548
4565
4597
4599
4601
4623
4628
4638
4641
4652
4653
4666
4683
4687
7
25
30
38
40
42
50
54
65
113
122
131
144
145
146
156
171
174
182
193
195
207
221
225
226
243
281
298
302
311
313
316
328
332
336
355
367
376
382
400
424
433
439
443
470
533
535
560
596
613
622
626
635
636
652
658
678
687
708
715
719
721
722
732
736
754
758
763
772
781
782
798
820
840
841
866
888
903
919
960
968
971
980
989
1035
1049
1056
1081
1100
1104
1106
1109
1111
1171
1209
1214
1218
1219
1241
1246
1302
1359
1393
1402
1413
1420
1422
1424
1446
1486
1514
1525
1533
1538
1550
1558
1577
1614
1632
1663
1674
1691
1728
1736
1746
1753
1754
1760
1819
1824
1829
1839
1840
1845
1856
1864
1866
1871
1877
1882
1891
1900
1905
1910
1916
1925
1929
1931
1945
1962
1999
2014
2016
2028
2040
2041
2068
2121
2142
2153
2168
2182
2186
2227
2235
2241
2276
2355
2358
2364
2370
2374
2376
2389
2403
2404
2405
2413
2428
2463
2465
2476
2479
2491
2493
2501
2517
2523
2539
2561
2576
2582
2592
2601
2624
2635
2656
2662
2670
2678
2689
2706
2718
2733
2750
2751
2761
2770
2771
2774
2788
2811
2825
2844
2865
2872
2876
2885
2894
2895
2904
2906
2924
2926
2966
2978
2990
3005
3007
3019
3029
3090
3131
3161
3170
3177
3186
3188
3203
3213
3237
3240
3258
3302
3333
3336
3359
3370
3401
3433
3471
3479
3480
3494
3508
3520
3537
3551
3554
3607
3617
3621
3624
3667
3668
3674
3690
3691
3693
3702
3729
3751
3763
3778
3796
3820
3828
3846
3862
3873
3895
3899
3914
3921
3922
3931
3947
3970
3980
3990
4012
4043
4044
4053
4073
4074
4101
4111
4116
4125
4132
4186
4205
4218
4233
4245
4247
4256
4263
4272
4278
4280
4292
4295
4297
4316
4322
4330
4336
4354
4367
4368
4370
4394
4434
4438
4440
4446
4474
4500
4509
4514
4529
4548
4565
4597
4599
4601
4623
4628
4638
4641
4666
4673
4683
4687
25
50
65
151
179
182
193
195
238
298
313
328
332
376
391
400
424
439
448
535
560
613
658
678
688
708
719
736
758
763
782
786
795
825
851
854
927
931
960
989
1024
1049
1084
1106
1109
1171
1209
1210
1214
1219
1241
1302
1359
1394
1402
1413
1446
1486
1550
1558
1663
1674
1709
1736
1746
1753
1812
1824
1856
1877
1882
1910
1925
1931
1935
1962
1991
2028
2036
2040
2118
2182
2211
2291
2370
2374
2413
2428
2460
2463
2517
2539
2624
2656
2662
2669
2678
2706
2717
2733
2746
2759
2761
2768
2876
2885
2894
2904
2907
2920
2924
2926
2957
2966
2990
3005
3029
3161
3171
3177
3188
3213
3240
3269
3287
3357
3401
3412
3479
3520
3569
3607
3617
3624
3625
3633
3651
3668
3702
3726
3778
3796
3846
3914
3921
3970
4043
4044
4053
4073
4111
4217
4218
4233
4245
4247
4256
4272
4275
4302
4316
4354
4394
4409
4434
4491
4500
4514
4548
4628
4668
4673
4678
17
55
99
140
143
173
187
189
235
252
265
287
312
370
413
435
471
482
483
489
505
533
553
570
606
627
633
731
771
789
798
861
894
895
922
999
1027
1049
1079
1105
1117
1125
1159
1224
1230
1333
1382
1409
1443
1449
1470
1507
1513
1533
1550
1557
1657
1676
1700
1761
1767
1829
1839
1854
1869
1905
1931
1961
1971
1988
2071
2119
2151
2153
2159
2163
2182
2230
2331
2336
2358
2362
2412
2459
2463
2468
2470
2493
2511
2528
2551
2638
2671
2677
2702
2753
2770
2799
2809
2852
2862
2868
2873
2882
2940
2948
3059
3065
3114
3122
3148
3181
3185
3201
3209
3212
3228
3280
3310
3317
3369
3370
3419
3424
3454
3456
3483
3492
3548
3624
3630
3643
3667
3681
3698
3733
3744
3758
3772
3819
3914
3954
3958
3971
3987
4022
4043
4085
4120
4156
4214
4215
4232
4328
4330
4334
4343
4455
4459
4463
4539
4641
4663
4673
17
36
55
56
67
73
87
99
103
107
140
141
143
187
188
197
206
209
217
231
235
242
252
254
265
276
295
312
324
329
342
353
364
368
370
378
380
389
394
395
399
413
446
463
471
477
485
489
495
510
521
526
553
570
571
585
595
615
627
641
643
644
660
679
688
723
731
771
819
858
861
867
872
876
891
894
895
904
908
912
921
922
931
939
949
951
956
982
987
998
1000
1019
1027
1030
1057
1060
1072
1076
1079
1108
1110
1112
1120
1125
1164
1210
1219
1224
1230
1234
1247
1271
1279
1289
1293
1298
1312
1319
1320
1321
1331
1349
1357
1361
1365
1371
1382
1409
1412
1434
1443
1461
1492
1507
1526
1557
1566
1584
1598
1609
1610
1647
1679
1681
1728
1776
1808
1837
1849
1850
1854
1858
1871
1876
1884
1887
1906
1907
1923
1961
1967
1971
1977
1981
2004
2010
2052
2059
2080
2082
2083
2094
2095
2107
2119
2129
2159
2163
2173
2174
2177
2182
2191
2212
2281
2304
2336
2337
2342
2344
2351
2359
2360
2373
2379
2408
2412
2416
2420
2458
2459
2463
2468
2475
2481
2488
2489
2500
2511
2526
2528
2541
2549
2551
2562
2567
2570
2590
2602
2618
2629
2632
2637
2638
2639
2648
2669
2671
2677
2695
2712
2715
2726
2764
2765
2781
2799
2809
2812
2831
2840
2852
2854
2860
2862
2878
2882
2887
2896
2902
2909
2920
2939
2940
2943
2948
2957
2981
2987
3004
3007
3015
3022
3030
3052
3053
3059
3065
3097
3107
3114
3135
3147
3185
3199
3201
3212
3228
3257
3278
3279
3280
3288
3297
3310
3325
3341
3342
3346
3349
3361
3367
3372
3391
3398
3419
3468
3483
3503
3546
3549
3564
3565
3570
3574
3587
3593
3594
3606
3613
3624
3625
3630
3637
3643
3657
3662
3676
3682
3698
3699
3704
3730
3737
3744
3754
3763
3768
3772
3803
3806
3843
3858
3862
3868
3872
3873
3881
3884
3888
3915
3918
3927
3937
3971
3976
3985
4000
4020
4026
4029
4036
4043
4085
4093
4095
4152
4156
4160
4163
4202
4203
4207
4209
4214
4215
4251
4258
4280
4283
4294
4325
4329
4339
4343
4351
4376
4403
4409
4412
4426
4436
4459
4463
4490
4491
4524
4539
4544
4557
4566
4620
4651
4662
4663
4668
4669
4678
4680
25
36
55
56
59
65
67
73
87
99
103
107
141
143
182
193
195
197
206
217
231
235
242
254
265
276
295
324
329
342
353
368
370
374
380
389
394
395
399
424
446
463
477
489
495
510
553
570
571
595
613
615
627
641
643
644
656
660
678
679
688
719
723
771
782
804
819
838
858
861
867
872
876
891
894
895
904
908
912
921
922
931
939
949
951
960
982
989
998
1019
1024
1030
1049
1057
1060
1072
1076
1079
1106
1108
1109
1110
1112
1120
1143
1164
1210
1234
1247
1271
1279
1289
1293
1298
1302
1310
1312
1319
1320
1321
1331
1349
1357
1361
1365
1366
1371
1409
1412
1443
1454
1461
1486
1492
1518
1526
1550
1566
1584
1609
1647
1663
1679
1681
1728
1736
1739
1804
1837
1842
1849
1850
1854
1858
1863
1876
1884
1887
1906
1907
1910
1923
1931
1961
1962
1967
1971
1981
2004
2010
2013
2052
2059
2080
2082
2094
2095
2107
2119
2129
2159
2163
2173
2177
2191
2197
2212
2281
2304
2336
2342
2351
2352
2359
2360
2370
2373
2379
2408
2416
2420
2458
2459
2463
2475
2477
2481
2488
2489
2500
2511
2517
2526
2541
2549
2551
2567
2570
2590
2602
2618
2629
2632
2637
2638
2639
2648
2656
2669
2671
2677
2678
2695
2715
2764
2765
2799
2809
2812
2831
2840
2852
2854
2860
2882
2887
2896
2902
2920
2924
2926
2939
2943
2957
2981
2990
3004
3005
3007
3015
3022
3029
3030
3052
3053
3070
3097
3101
3107
3114
3135
3147
3177
3199
3201
3212
3213
3228
3240
3278
3279
3280
3288
3297
3303
3325
3341
3342
3346
3349
3361
3367
3372
3391
3398
3401
3452
3468
3499
3503
3520
3546
3564
3565
3570
3574
3587
3593
3594
3606
3607
3613
3617
3624
3625
3637
3657
3662
3676
3682
3698
3699
3730
3737
3744
3754
3763
3768
3772
3796
3803
3806
3843
3846
3858
3862
3867
3868
3872
3873
3881
3884
3914
3915
3918
3927
3937
3971
3976
3985
4000
4020
4026
4029
4044
4073
4093
4095
4152
4160
4163
4202
4203
4207
4209
4214
4224
4245
4251
4258
4280
4283
4294
4316
4329
4330
4351
4354
4376
4394
4403
4412
4436
4459
4463
4489
4490
4491
4524
4539
4544
4557
4566
4620
4636
4662
4663
4668
4669
4673
4676
4678
4680
55
99
143
235
265
370
413
435
489
505
533
553
570
606
627
771
798
861
894
895
922
1049
1079
1333
1409
1443
1533
1550
1657
1676
1767
1829
1839
1854
1905
1931
1961
1971
1988
2119
2153
2159
2163
2336
2358
2362
2459
2463
2470
2493
2511
2551
2638
2671
2677
2753
2770
2799
2809
2852
2873
2882
3114
3148
3201
3209
3212
3213
3228
3280
3369
3370
3492
3624
3630
3667
3681
3698
3733
3744
3772
3914
3958
3971
3987
4214
4330
4455
4459
4463
4539
4641
4663
4673
