4
5
4
2
3
1
3
3
4
3
4
4
2
3
5
2
5
4
5
4
4
5
4
2
1
2
2
2
1
3
1
3
2
2
1
2
1
4
13
2
4
4
16
8
1
2
3
6
14
6
1
1
4
3
1
1
1
1
1
1
5
1
3
2
20
7
2
2
3
3
3
4
8
4
1
2
1
2
1
1
2
3
3
3
3
4
2
4
15
6
6
3
14
9
5
4
15
8
5
4
11
10
2
2
8
5
3
1
4
6
3
1
8
4
4
3
4
5
1
1
3
3
1
1
7
3
4
5
12
6
4
8
15
6
5
2
13
9
4
2
9
6
8
6
27
11
7
4
17
11
2
3
16
8
2
2
19
6
2
1
10
6
3
2
4
4
2
4
4
2
2
5
6
3
8
6
6
6
6
3
6
7
5
4
7
6
2
2
14
12
12
14
33
10
12
12
18
33
8
7
28
8
30
12
29
33
14
9
27
15
17
10
22
40
5
9
10
5
4
4
28
16
8
6
24
17
12
14
31
31
16
15
30
18
28
43
65
27
33
32
38
51
18
9
20
15
19
22
27
27
23
30
31
16
35
32
46
30
37
28
37
37
29
28
31
36
18
22
39
26
26
30
39
35
15
25
29
21
25
31
48
27
20
57
64
24
31
82
86
36
38
50
77
56
40
38
57
45
41
35
55
58
37
32
51
45
43
41
60
48
59
52
74
75
146
92
109
123
159
157
273
176
194
229
243
186
114
177
150
95
165
245
202
90
208
290
264
127
228
237
200
128
203
266
206
112
264
291
263
203
219
351
316
164
160
208
238
141
183
341
329
153
193
315
346
173
164
399
403
94
