2
1
1
1
6
8
6
1
45
48
13
4
1
2
2
1
7
10
11
4
10
11
6
4
7
5
2
2
287
288
1
1
90
90
2
2
3
4
5
2
2
2
2
2
6
13
9
5
3
4
2
2
3
5
6
6
1
1
46
139
108
12
7
27
35
4
26
9
6
27
15
19
29
24
17
14
11
16
10
11
9
9
14
12
9
11
14
13
13
10
14
9
13
13
4
4
2
2
4
5
3
3
5
9
6
2
5
4
3
3
2
10
10
8
2
3
2
2
2
1
1
1
1
1
1
1
55
47
30
32
51
55
14
18
96
93
36
36
35
37
23
23
12
22
11
11
39
30
25
34
4
10
5
3
9
12
6
7
58
63
31
31
55
48
27
39
20
28
19
17
20
31
17
17
29
30
29
28
7
5
3
3
4
2
1
3
6
6
5
5
5
7
5
3
9
26
23
8
17
23
16
13
17
15
6
14
18
18
9
16
12
8
3
11
6
6
3
3
6
6
3
5
6
7
5
5
7
9
8
3
3
2
2
3
3
8
5
3
7
8
4
4
14
16
13
13
7
7
7
7
2
5
5
2
3
5
6
4
13
23
19
10
11
18
15
8
37
36
63
42
60
49
64
62
29
43
50
43
46
52
47
42
43
36
30
41
30
47
28
28
32
39
35
27
32
34
29
26
43
30
22
39
38
46
38
30
48
52
43
37
48
53
34
42
70
81
72
68
65
79
65
54
68
71
57
58
94
106
89
74
75
98
73
57
88
89
65
82
71
82
67
66
59
62
44
50
101
114
101
86
73
87
88
37
57
64
28
69
45
54
35
45
38
36
21
23
45
48
31
32
24
29
16
18
25
35
23
18
15
23
15
9
34
36
28
29
40
41
33
29
24
31
17
19
11
15
9
8
94
99
92
90
31
36
31
28
42
43
36
40
59
74
67
54
41
43
37
38
47
46
39
44
37
40
33
32
12
21
20
9
54
55
49
50
31
25
22
20
38
29
43
46
10
5
2
14
42
45
41
39
28
23
23
24
58
60
51
47
7
5
3
6
9
12
8
6
7
6
4
5
14
15
12
10
9
13
9
6
14
17
13
8
24
32
20
20
19
19
13
15
30
19
26
33
9
20
10
6
7
18
12
4
56
60
9
10
8
23
20
6
61
76
19
5
16
39
30
12
20
24
17
16
15
13
6
13
10
18
15
12
19
34
26
18
24
31
22
18
23
30
22
18
14
23
14
12
56
65
55
51
21
37
27
16
32
135
108
24
66
79
68
55
57
80
74
52
43
84
76
52
136
176
165
236
41
98
86
41
91
121
63
57
48
84
67
42
85
94
78
80
38
63
44
31
31
66
51
23
108
93
78
106
67
78
54
54
31
58
57
28
28
75
60
28
55
85
65
37
138
146
65
63
159
242
215
134
193
146
112
132
185
177
94
115
135
143
111
110
198
361
344
227
234
234
124
309
232
242
135
127
225
409
316
134
471
350
119
243
215
199
130
144
261
276
125
113
506
631
430
285
337
420
317
260
473
422
319
367
510
464
301
356
778
811
586
597
507
533
318
291
294
290
189
187
220
277
198
138
275
271
184
210
128
125
112
121
148
168
151
117
230
236
221
223
242
148
130
131
158
138
127
129
126
244
130
122
71
96
89
68
98
101
92
94
62
71
58
52
92
120
105
82
118
112
91
107
91
88
76
73
71
69
56
60
89
110
97
72
67
60
35
61
44
59
43
34
110
125
109
100
91
126
106
76
108
95
74
93
85
83
71
78
66
96
81
47
62
79
66
52
68
59
47
52
110
128
104
95
68
103
73
61
63
50
41
55
61
94
78
56
66
76
59
61
67
68
58
60
70
84
75
61
93
97
79
80
138
113
103
111
106
120
106
99
42
60
49
39
53
50
37
49
39
40
33
33
51
69
46
37
67
90
69
49
92
98
91
78
88
85
88
82
41
42
49
34
36
34
36
30
33
53
41
24
43
33
40
45
30
30
35
39
39
33
37
33
35
41
35
25
13
20
20
27
37
45
33
29
29
36
38
32
90
140
183
169
149
176
163
140
139
128
114
154
119
121
113
99
184
200
174
175
169
212
217
188
106
102
89
98
73
81
65
74
90
76
62
70
96
98
80
77
