1
1
1
1
6
7
7
2
3
6
13
4
2
2
13
18
16
10
2
7
5
2
5
8
4
4
2
2
1
1
1
1
1
1
1
1
2
6
6
1
5
6
4
2
15
14
11
14
11
11
8
11
16
17
11
13
3
6
6
2
3
13
14
2
10
24
25
21
15
29
25
23
24
25
18
26
18
20
19
22
10
17
15
9
18
12
11
17
7
15
13
5
16
3
2
15
7
9
7
4
13
15
10
12
13
12
12
13
8
8
7
8
1
1
1
1
1
3
5
4
36
37
32
35
30
34
30
29
38
37
35
37
25
26
24
24
23
29
25
23
37
37
37
37
9
11
9
9
16
14
11
12
39
42
39
36
34
44
40
42
25
26
23
23
32
33
29
30
26
30
26
24
11
14
12
6
19
15
8
17
5
6
3
3
6
12
10
4
14
12
8
10
14
21
17
7
17
30
24
9
30
28
15
26
11
13
4
10
10
10
4
8
8
22
18
2
15
21
14
11
22
30
21
17
20
20
11
17
21
28
18
10
15
86
77
12
131
107
98
159
95
185
170
90
151
89
73
147
34
51
43
22
34
32
18
32
45
61
49
37
43
57
41
37
56
73
54
48
45
59
43
40
82
82
70
76
58
80
66
50
53
64
51
45
61
63
51
57
42
44
30
34
48
57
47
42
39
44
31
35
46
46
33
32
46
64
51
39
91
88
77
83
68
82
61
56
71
74
53
57
78
98
76
59
70
98
71
62
106
117
94
99
63
72
55
56
73
82
64
58
124
132
110
91
108
98
69
58
67
81
30
42
40
44
16
30
28
34
15
19
44
52
38
31
26
60
18
20
25
43
29
22
30
30
15
25
43
46
40
40
31
34
28
22
20
27
17
13
15
15
6
14
98
104
96
90
31
31
26
30
35
41
35
30
33
38
31
32
34
42
37
31
42
49
44
37
38
41
38
37
14
16
12
13
67
72
66
60
30
22
14
13
14
13
3
9
7
6
3
6
47
49
44
42
33
35
31
30
57
59
52
54
9
14
9
6
8
13
10
6
12
9
7
11
13
19
16
7
12
11
6
10
12
13
8
7
7
11
6
5
9
14
10
8
11
16
11
9
11
15
11
9
9
13
8
6
43
47
11
11
14
23
18
11
71
86
25
11
13
30
26
10
13
18
11
11
32
31
4
9
12
16
12
8
17
30
28
15
18
25
19
13
14
24
22
11
23
25
20
18
46
53
46
41
36
44
23
21
30
155
130
30
50
68
55
42
39
74
62
32
37
69
59
49
208
151
140
215
85
126
120
81
126
131
68
73
37
73
65
32
83
88
75
74
52
70
53
48
27
69
55
21
98
120
102
128
112
164
105
59
59
96
73
63
34
83
68
26
53
74
41
37
125
131
62
71
146
220
187
115
171
205
94
176
81
111
96
102
438
419
106
95
168
313
309
188
256
303
212
202
637
549
446
545
312
445
340
214
669
702
220
321
278
289
180
166
317
362
257
213
425
597
511
360
587
707
534
449
586
511
458
534
1287
1222
934
1006
1270
1268
1176
1172
1045
1092
834
792
859
940
837
768
1694
1721
1624
1596
2069
2056
1956
1981
296
269
261
287
191
199
175
181
358
311
357
351
334
275
253
233
211
199
186
200
149
215
122
145
88
97
82
82
83
86
74
78
78
84
76
69
108
127
117
97
166
117
97
104
190
123
113
109
96
171
63
86
83
107
96
70
62
59
41
59
44
53
34
33
86
108
90
83
89
115
98
70
117
119
77
94
95
116
89
91
58
82
68
46
61
80
66
54
60
52
38
40
104
117
96
93
63
109
86
59
80
73
60
66
105
124
108
101
72
88
73
63
69
73
60
67
93
98
87
76
87
105
79
74
133
138
132
127
130
139
128
122
67
76
70
64
49
61
51
46
54
48
44
49
69
70
66
59
