605
1638
1669
1910
3798
3961
1156
1595
3192
1156
1595
2638
605
1638
1669
1910
3192
3798
3225
3192
2901
3557
2638
3192
3225
737
1827
3192
3384
3961
142
663
1502
1890
2271
2289
3192
142
663
1156
1224
1502
1890
2289
3674
1827
3192
2006
3740
3192
3961
2638
2242
2242
3192
2412
737
3192
363
1827
2412
737
2271
3192
1156
2638
2822
3306
3384
363
1827
2412
561
2412
2475
3192
3557
3660
3961
1265
1595
2647
3384
3557
561
1265
2412
2638
3192
561
881
1827
1169
2295
3192
3557
1156
1169
2295
2647
3192
3557
1169
1827
3192
881
2412
2647
3192
2647
2412
3192
1123
2412
3192
1156
2647
1123
2412
261
3696
2295
3192
2295
3744
261
3192
503
881
3696
1224
1595
2519
2647
2909
3192
3384
3674
3793
3961
1224
1595
2519
2647
2909
3384
3674
3793
2822
3192
881
2340
1224
1595
1691
2647
2909
3192
3325
3384
3660
3674
3793
1224
1595
1691
2647
2909
3325
3384
3674
3793
3192
456
881
561
3192
3660
3882
2647
3882
456
3192
714
3384
1224
1284
1595
1691
2647
2909
3192
3384
3793
1224
1284
1595
1691
2647
2909
3384
3793
3192
3384
607
714
1440
2190
2412
142
2271
3192
3660
142
1595
2638
3744
607
1440
2412
3192
714
728
790
994
3192
3557
607
1224
1595
2271
2647
3192
3306
3325
3384
3660
3674
3793
607
1224
1595
2638
2647
3193
3306
3325
3384
3674
3793
728
790
994
2638
3192
2359
2744
3883
3192
1407
1479
3557
2359
2744
3883
946
2811
3035
3067
3192
3675
456
561
1284
3192
3660
456
767
1067
1160
1224
1284
1479
1595
2638
2647
3192
3306
3325
3384
3674
946
1160
2638
2811
3193
3675
3246
3035
3192
1160
1265
3246
3192
607
607
2638
2412
3192
906
1160
2412
2230
1284
3067
3192
3325
2230
714
1597
1942
2233
3192
561
1224
1284
1533
1595
2350
2647
2811
3192
3325
3384
3660
3793
561
1224
1533
1595
2350
2647
2811
3192
3325
3384
3660
3674
3793
906
1160
1265
1597
1942
2233
2638
3192
3674
437
714
3309
1284
1595
2233
2647
3192
3207
3306
3384
3660
3674
1160
1595
2647
3207
3306
3325
3384
3674
3744
437
3192
3309
714
1749
3035
3192
3557
1595
2647
2943
3081
3192
3306
3325
3384
3660
1595
2647
2943
3081
3306
3325
3384
3674
1160
3192
3557
714
2252
2271
2407
3035
3192
3557
1802
2412
2647
3081
3192
3325
3660
3674
3961
3974
510
906
1802
1838
2056
2647
3042
3081
3192
3325
3660
3674
3974
510
1533
1838
2252
2271
3192
3557
437
2424
3950
1284
3192
437
510
1595
2144
3325
3384
3744
437
2424
3950
2333
3157
3192
2190
3192
1838
2190
510
3157
714
1169
1831
2019
2333
3557
2271
3192
3538
437
510
1838
3538
906
1169
2019
3192
3557
437
1440
2343
3192
728
2271
3192
728
906
1838
2678
3192
437
510
1838
3974
437
2551
3192
3600
4096
1284
2551
3192
3325
3660
2551
3325
906
2551
3192
3600
437
1827
1284
2350
2647
3192
267
906
2350
2647
3192
1827
3192
3538
180
437
714
1822
3192
3343
607
1284
2647
3035
3192
3309
3660
267
607
2647
2678
2909
3309
3674
180
906
1822
3192
425
960
1273
1680
1860
2342
3192
3343
3799
3868
607
1890
2943
3081
3192
3343
3660
267
607
906
1063
1595
1838
1890
2222
2638
2647
2678
2943
3081
3192
3306
3325
3384
3674
3793
607
906
960
1680
1838
1860
2222
2638
3192
3674
3799
3868
960
2238
2459
3077
3192
607
1595
2787
3192
3325
3365
3660
3868
162
607
1234
1595
2283
2787
2943
3290
3325
3365
3868
2222
2238
2459
3077
3192
245
960
1131
2230
2359
2747
3192
3193
3965
4055
607
1131
1595
3192
3193
3325
3384
3660
3674
4045
607
906
1131
1160
1595
2647
2943
3193
3290
3325
3384
3674
4045
245
906
960
2230
3192
3290
4055
252
679
918
960
1749
2542
2747
3192
3343
3557
3673
437
1822
2253
2909
3192
3325
3343
3660
3673
3793
3799
142
906
1296
1595
1822
2253
2519
2647
2909
2943
3192
3290
3325
3384
3674
3793
3799
252
679
906
918
960
1160
2542
2678
3192
3290
3557
252
627
664
989
1026
1128
1273
1333
1479
2638
2915
3192
3309
3384
3538
3839
3882
1595
2252
2333
2638
2647
3192
3225
3309
3325
3343
3557
3798
142
453
906
1265
1595
2252
2443
2647
2678
2943
3192
3290
3325
3557
252
607
664
906
989
1128
1333
1479
2915
3192
3290
3384
3538
3882
252
960
1273
2399
3192
3225
3343
3538
3550
3639
3835
437
1860
1898
2747
2943
3157
3192
3225
3325
3343
3384
3674
3793
437
906
1595
1898
2943
3157
3325
3384
3674
3744
3793
906
1265
2678
3192
3550
1123
1792
1822
2465
2747
2915
2946
3192
3225
3550
3674
3735
3793
4088
437
1169
1273
1680
2284
2747
3192
3225
900
906
1160
1169
1265
1352
1475
1595
1796
2309
2519
2638
2647
2909
3192
3193
3325
3384
3557
3674
3744
3793
607
906
1123
1265
1792
1822
2309
2465
2638
2946
3192
3193
3290
3550
3674
3735
3793
4088
64
437
607
958
1296
1472
1652
2222
2290
2412
2638
3192
3225
3343
3384
3639
960
989
1128
1169
1273
1356
2006
2019
2222
2230
2333
2342
2542
3192
3225
3287
3343
900
906
989
1169
1265
1352
1356
1595
2006
2019
2230
2342
2542
2647
3192
3287
3325
3557
3744
64
906
958
1160
1265
1296
1352
2412
3192
3193
3290
3384
1232
1772
3192
3361
3557
607
1273
2638
3192
3343
607
1352
3980
1352
1772
3361
3557
2238
3192
3225
3240
3343
3384
180
918
3192
3240
3343
3557
906
918
1265
1284
1352
2647
3240
3557
3638
906
1265
1352
2309
3192
3240
1477
2694
3192
3225
3343
3384
245
607
1772
1822
2465
3192
3225
3343
245
1822
906
2309
514
1475
1822
2095
3192
3225
3807
3192
3225
3240
3343
607
906
3192
514
906
1475
3192
561
1900
2095
2351
3192
3384
3451
3717
514
1900
3192
3225
3240
3325
3550
1900
3240
3325
906
3192
4045
168
475
607
960
1054
1273
1379
1900
2095
2254
2350
2618
2666
2920
2987
3021
3140
3192
3194
3225
3372
3384
3538
3557
4007
561
1900
2095
3192
3240
3550
3717
561
759
906
1900
3021
3192
3240
3550
3557
3710
3744
475
607
759
906
960
1900
2350
2618
2666
2920
2987
3140
3192
3240
3372
3538
3557
3710
4007
4045
960
1306
1454
1635
1900
2930
3192
3240
1054
1454
1900
2920
3192
906
1900
2920
3192
1454
1635
1900
3240
75
521
960
1169
1683
1900
2254
2666
3011
3192
3343
3384
3529
3550
3557
3874
4001
1273
1284
1900
2095
2412
2647
2676
3192
3343
3372
3384
3714
453
851
906
1063
1224
1265
1284
1595
1731
1900
2412
2519
2638
2647
2676
2909
3306
3384
3714
3744
3793
75
521
906
960
1169
1265
1900
2666
3011
3192
3550
3557
3874
4001
184
546
825
955
1169
1404
1900
2124
2198
2412
2856
2997
3192
3228
3343
3496
3550
955
1284
1635
1900
2359
2432
3192
3225
3240
3384
88
142
906
955
1169
1284
1352
1404
1635
1731
1900
2309
2359
2647
3192
3225
3240
3306
3384
3557
3744
453
825
906
955
1169
1265
1352
1900
2124
2412
2638
3192
3228
3496
3550
1352
1900
2156
2309
2412
3192
3225
3557
75
960
1306
1793
1900
3192
75
960
1306
1900
3192
3325
453
1352
1793
1900
2309
2412
3225
3557
103
776
1900
2412
2509
3557
1595
1900
3192
3225
318
1352
1595
1900
2309
3192
3225
3306
3325
3384
3575
3744
103
318
776
1352
1900
2309
2412
2509
3192
3557
3575
175
289
561
607
1124
1169
1900
2040
2407
2445
2478
2522
2666
3054
3192
3225
3343
3384
506
607
946
1900
2124
2447
2930
3039
3192
3225
3228
3240
3343
3696
4001
142
506
946
1352
1900
2124
2309
2447
2930
3039
3192
3240
3325
3384
3673
3696
289
561
1169
1796
1900
2666
3054
3192
3225
3384
3673
287
288
900
1169
1864
1900
2118
2445
2547
2864
2924
3039
3192
3256
3384
4031
715
1900
2040
3192
3225
3343
3529
3538
3835
4031
715
1284
1595
1900
2040
2474
2647
2909
3192
3306
3384
3529
3538
3674
3793
3835
287
900
1169
1352
1864
1900
2445
2474
2547
2864
2924
3039
3192
3256
3384
4031
1900
2547
3192
3240
3537
3629
287
1440
1595
1900
2747
3192
287
1160
1352
1440
1595
1900
2309
2647
3192
3384
3464
3522
3674
3793
88
506
1352
1900
2676
3192
3240
3537
1900
3192
288
958
3557
288
958
3557
1900
3192
332
1012
1169
1467
1900
2412
2547
3192
3240
3384
3557
1012
1169
1900
2856
3192
3538
142
1169
1595
1900
2309
3192
3384
3538
3744
332
1012
1160
1169
1900
2412
2547
3192
3240
3384
3557
759
872
960
1169
1467
1486
1661
1748
1900
2412
2526
2729
3192
3193
3384
3417
3550
3557
3666
218
230
361
759
1149
1169
1900
2284
2729
2766
3192
3193
3330
3384
3666
188
218
230
361
759
810
851
1149
1160
1169
1284
1900
2284
2309
2647
2729
2766
3192
3306
3313
3330
3384
3666
3744
3793
960
1160
1169
1486
1748
1900
2309
2412
2526
2729
3192
3384
3417
3550
3557
3666
63
142
361
759
809
840
845
900
960
1005
1149
1151
1265
1278
1330
1404
1439
1546
1582
1808
1900
2235
2246
2374
2412
2478
2526
2643
2650
2659
2696
2729
2738
3013
3016
3081
3103
3192
3193
3223
3330
3343
3384
3429
3550
3557
3560
3671
3881
3965
252
361
737
759
810
840
1149
1151
1265
1330
1404
1486
1546
1595
1661
1900
2235
2246
2284
2374
2526
2643
2647
2650
2696
2729
2997
3013
3054
3192
3193
3330
3343
3384
3538
3550
3557
3560
3660
4088
142
252
361
721
737
810
840
851
860
1005
1149
1151
1160
1265
1278
1352
1404
1486
1546
1582
1595
1661
1900
2374
2474
2509
2519
2526
2638
2643
2647
2650
2696
2729
2909
2997
3013
3103
3192
3193
3306
3325
3330
3384
3538
3550
3557
3560
3673
3674
3744
3793
4088
142
361
809
840
900
1005
1149
1151
1160
1265
1278
1330
1352
1404
1546
1582
1808
1900
2246
2374
2474
2526
2638
2643
2650
2696
2729
2738
3013
3081
3192
3193
3330
3384
3550
3557
3560
3671
3673
28
63
142
347
361
721
737
840
845
860
900
904
1001
1005
1149
1169
1250
1265
1278
1439
1486
1546
1582
1661
1808
1821
2021
2060
2235
2374
2411
2412
2447
2526
2593
2643
2650
2659
2696
2729
2900
3013
3035
3081
3103
3192
3223
3241
3330
3343
3384
3428
3557
3560
3588
3635
3671
3965
5
188
252
335
361
607
762
840
845
1001
1005
1265
1486
1546
1595
1661
1808
1821
2235
2374
2407
2526
2643
2647
2650
2696
2729
3013
3192
3325
3330
3343
3384
3451
3557
3588
3660
3674
3735
3744
3804
5
142
188
230
252
335
361
420
607
721
762
851
860
1149
1160
1278
1352
1404
1486
1546
1582
1595
1661
1808
2060
2474
2526
2638
2643
2647
2650
2696
2729
3013
3103
3192
3241
3306
3325
3330
3384
3451
3557
3560
3660
3674
3735
3744
3793
3804
142
361
721
737
840
860
1001
1005
1149
1160
1169
1250
1278
1352
1404
1486
1546
1582
1661
1808
2060
2374
2412
2447
2474
2509
2526
2638
2643
2650
2659
2696
2729
3013
3081
3192
3241
3330
3365
3557
3560
3588
3635
3671
63
361
365
420
437
453
607
721
809
845
860
915
960
1123
1149
1169
1250
1265
1278
1352
1404
1439
1546
1582
1821
1864
2013
2090
2173
2222
2235
2339
2412
2463
2659
2666
2729
2746
2857
2950
3035
3192
3193
3241
3343
3384
3513
3522
3538
3550
3557
3608
3634
3644
3671
3673
3698
3881
3942
4014
188
453
663
904
960
1001
1005
1151
1169
1250
1265
1439
1486
1595
1808
1821
2021
2060
2090
2235
2374
2407
2526
2547
2643
2647
2694
2696
2909
3035
3192
3193
3325
3343
3384
3428
3550
3557
3588
3673
3740
3744
5
188
230
663
851
1001
1151
1160
1169
1224
1250
1288
1352
1404
1486
1595
2021
2060
2090
2309
2474
2526
2647
2909
3103
3192
3306
3384
3428
3550
3557
3744
3793
3942
361
365
420
607
721
809
860
915
960
1123
1149
1250
1278
1352
1404
1439
1486
1546
1582
1661
1808
1864
2013
2090
2173
2235
2412
2463
2474
2659
2666
2729
2746
2857
2950
3192
3241
3384
3513
3522
3538
3550
3557
3634
3671
3698
3942
4014
62
361
721
840
1149
1486
1533
1546
1582
1661
1821
2060
2235
2339
2374
2650
2696
2710
2729
3189
3192
3241
3317
3330
3343
3384
3529
3560
3643
3671
3875
3881
4014
361
646
960
1149
1486
1546
1821
2013
2235
2374
2643
2650
2696
3028
3192
3193
3241
3317
3343
62
361
646
851
1149
1486
1661
2235
2474
2643
2650
2696
2729
3028
3192
3317
3643
3673
4064
62
361
646
721
840
1149
1160
1404
1486
1533
1546
1582
1661
2060
2339
2374
2474
2650
2696
2729
3189
3192
3241
3317
3330
3560
3643
3671
4064
420
493
721
860
1149
1265
1278
1330
1486
1533
1555
1582
1654
1821
2013
2222
2235
2445
2483
2643
2650
2696
2729
2747
2808
3064
3192
3317
3343
3384
3550
3557
3643
3671
3673
3815
3819
4007
4036
230
361
587
721
762
840
904
960
1005
1149
1169
1265
1278
1330
1477
1546
1555
1595
1808
1821
2013
2235
2374
2650
2696
2729
2924
3064
3192
3223
3241
3317
3330
3343
3384
3557
3673
3965
142
230
361
492
587
721
762
1149
1169
1211
1330
1582
1595
2235
2309
2374
2474
2647
2650
2758
2808
3019
3192
3317
3325
3330
3384
3557
3643
3673
3744
3819
4064
420
493
721
860
1149
1278
1330
1404
1486
1555
1582
1654
1661
2013
2235
2309
2474
2483
2643
2650
2696
2729
3192
3317
3330
3550
3557
3643
3671
3673
3819
252
265
420
534
561
566
607
699
721
789
919
1005
1023
1205
1278
1297
1462
1486
1716
1771
1808
1821
2047
2268
2374
2381
2412
2503
2558
2747
2758
2993
3040
3192
3302
3330
3343
3384
3469
3550
3557
3943
4064
132
332
361
420
789
1005
1153
1169
1205
1284
1297
1808
1821
2411
2503
2593
2696
2729
2758
3192
3302
3330
3557
3635
3644
3711
3807
3943
4036
132
142
188
332
361
534
789
840
851
1063
1153
1160
1169
1265
1284
1297
1404
1469
1486
1595
1771
1899
2013
2235
2474
2503
2593
2647
2696
2729
2909
3192
3193
3306
3325
3330
3346
3384
3469
3557
3560
3635
3643
3673
3711
3744
3849
3942
4036
252
265
361
420
492
534
561
566
607
699
721
789
840
919
1005
1160
1205
1265
1278
1297
1404
1462
1486
1808
1899
2047
2235
2268
2374
2412
2474
2503
2558
2758
3013
3040
3192
3193
3302
3330
3469
3550
3557
3560
3673
4064
124
252
361
387
437
593
629
721
789
840
881
950
1005
1169
1211
1330
1468
1486
1514
1582
1788
1929
2086
2208
2392
2399
2415
2558
2600
2654
2704
2747
2755
2974
3040
3103
3192
3193
3327
3343
3384
3557
3671
3681
3702
3788
3942
4073
345
460
756
840
919
1169
1462
1481
1533
1582
1716
1771
2198
2235
2238
2374
2381
2478
2547
2647
2650
2696
2758
2921
2974
2993
3006
3140
3192
3193
3325
3330
3343
3384
3557
3608
3674
3793
3942
3946
3965
3989
345
371
453
460
756
840
904
1023
1160
1169
1265
1284
1327
1462
1481
1500
1533
1582
1595
1716
1731
1899
2101
2235
2309
2374
2547
2647
2704
2758
2921
2974
2993
3006
3103
3140
3192
3193
3306
3325
3330
3347
3384
3557
3674
3793
3864
3914
3942
3943
3946
3965
3989
124
132
252
361
437
453
593
629
721
840
904
1005
1160
1169
1211
1265
1327
1330
1352
1404
1468
1514
1582
1899
1929
2208
2235
2392
2399
2415
2600
2704
2758
2909
2974
3040
3192
3193
3384
3557
3666
3671
3681
3702
3864
3914
3989
4073
132
205
361
561
587
704
756
789
820
834
904
1001
1153
1211
1335
1336
1771
1821
1884
2013
2049
2060
2208
2319
2325
2650
2747
2758
2993
3099
3192
3343
3346
3347
3384
3388
3557
3679
3748
3819
3880
3881
3942
4031
4032
4036
103
230
361
566
789
860
1001
1005
1023
1278
1468
1486
1792
1808
1821
2060
2222
2246
2339
2463
2647
2755
3040
3192
3302
3306
3325
3343
3384
3679
3681
3744
3788
3906
4073
103
116
188
230
273
566
789
851
904
1001
1005
1160
1169
1265
1336
1404
1546
1595
1808
1884
1899
2180
2235
2246
2309
2463
2647
2755
2758
3006
3040
3192
3302
3306
3325
3384
3456
3516
3744
3788
3906
132
361
587
704
756
789
834
840
904
1001
1153
1160
1211
1265
1336
1404
1546
1771
1884
1899
2013
2049
2060
2208
2235
2650
2758
3099
3192
3346
3347
3384
3679
3819
3880
3881
3942
4031
4064
132
721
820
904
1153
1261
1330
1336
1481
1716
1808
1821
2049
2082
2101
2106
2246
2319
2325
2386
2388
2558
2650
2704
2729
2747
2758
2823
3140
3158
3192
3193
3302
3343
3516
3538
3562
3588
3681
3711
4064
4073
347
721
904
1023
1026
1211
1278
1297
1330
1336
1486
1582
1716
1808
1821
2049
2290
2600
2647
2650
2729
2755
2758
2823
2993
3192
3193
3241
3343
3496
3588
3702
3748
4073
63
132
721
851
904
1153
1160
1330
1582
1595
1808
1899
2180
2600
2647
2650
2704
2729
3192
3306
3325
3384
3399
3491
3557
3588
3681
3744
3788
3887
3942
116
132
273
721
904
1153
1160
1261
1330
1336
1481
1716
1808
1899
2049
2082
2101
2106
2246
2325
2388
2650
2704
2823
3192
3302
3491
3516
3538
3562
3588
3681
3711
3887
4064
4073
50
64
353
607
670
820
904
954
1153
1211
1346
1788
1929
2082
2086
2558
2758
2826
3013
3192
3193
3343
3384
3387
3538
3834
3989
77
177
345
762
789
950
1063
1595
1821
1822
2101
2208
2254
2284
2374
2478
2503
2547
2647
2758
2993
3192
3193
3220
3306
3325
3343
3384
3550
3557
3588
3634
3674
3744
3793
3880
3922
63
77
136
177
345
762
789
1063
1160
1439
1595
1821
2374
2547
2647
3192
3193
3220
3306
3325
3384
3491
3550
3557
3674
3744
3793
3922
3942
50
64
136
607
670
904
954
1153
1211
1346
2082
2086
3013
3192
3384
3387
3538
3834
132
257
534
639
747
789
820
904
919
1023
1261
1722
1895
1928
2049
2082
2101
2374
2526
2600
2616
2620
2746
2758
2826
3007
3013
3192
3343
3347
3387
3456
3643
3777
3809
3834
3942
3989
132
345
361
561
762
809
881
1001
1063
1153
1211
1468
1716
1928
1940
2478
2512
2519
2647
2650
2758
3006
3013
3086
3192
3241
3343
3384
3557
3674
3744
3801
3942
3943
345
372
460
759
762
1001
1063
1153
1160
1330
1716
1899
1940
2512
2519
2647
3006
3086
3192
3241
3384
3399
3491
3557
3588
3674
3744
3801
3942
3943
132
136
460
534
759
789
904
919
1023
1160
1261
1288
1722
1821
1899
2049
2101
2374
2600
2746
3013
3192
3347
3387
3399
3456
3491
3643
3809
3834
3942
259
372
820
967
1149
1261
1330
1928
1961
2374
2412
2674
2746
2758
3192
3241
3343
3384
3588
3702
3834
132
286
460
575
762
881
1063
1224
1555
1568
1595
1928
2284
2519
2526
2647
2746
2823
3035
3192
3343
3384
3513
3702
3744
218
286
361
372
460
575
708
762
1063
1160
1224
1555
1568
1595
2519
2526
2647
2823
3192
3384
3399
3445
3469
3744
3942
177
259
372
1149
1160
1261
1330
1961
2374
2412
3192
3241
3384
3399
3445
3491
3588
3834
236
259
361
467
561
575
582
738
757
820
846
999
1030
1071
1180
1321
1472
1661
1840
2049
2082
2210
2216
2374
2412
2558
2746
2747
2915
2965
3035
3192
3302
3343
3384
3450
3525
3834
64
142
236
420
460
546
757
809
881
904
1063
1345
1436
1595
2210
2493
2519
2620
2647
2967
3192
3306
3325
3343
3384
3660
3744
3815
3881
132
142
420
460
518
757
904
1063
1160
1327
1345
1404
1436
1595
1661
1815
1899
2493
2519
2620
2647
2913
2967
3192
3193
3270
3306
3325
3384
3445
3744
3815
63
236
259
361
467
575
582
738
757
846
999
1071
1160
1321
1404
1439
1472
1661
1815
1840
1899
2049
2082
2210
2309
2374
2412
2747
2915
2965
3192
3193
3241
3302
3384
3445
3450
3525
3834
62
78
119
132
225
236
237
259
390
420
446
499
527
534
553
597
710
721
748
757
789
803
804
836
904
996
1005
1165
1169
1185
1258
1372
1553
1576
1660
1788
1840
1877
1939
1984
2039
2060
2082
2097
2178
2238
2272
2325
2436
2526
2549
2558
2667
2755
2828
2863
2880
3051
3106
3132
3192
3343
3346
3384
3469
3499
3503
3557
3560
3772
3834
3942
142
236
257
259
460
467
561
663
757
762
904
919
954
1063
1185
1236
1278
1345
1386
1595
2268
2284
2325
2374
2436
2526
2647
2667
2758
2828
2913
2967
3013
3192
3302
3306
3325
3343
3384
3550
3593
3660
3744
3748
3834
4073
136
142
259
302
361
460
663
757
762
904
919
954
1005
1025
1085
1160
1169
1185
1236
1278
1327
1345
1386
1404
1481
1546
1595
1609
1815
1899
1928
2235
2268
2325
2526
2647
2667
2729
2812
2913
2967
3192
3286
3302
3306
3325
3384
3399
3445
3550
3560
3593
3660
3674
3744
3748
3772
3834
3942
4073
77
78
119
132
136
237
259
302
345
390
420
446
499
527
534
597
708
710
721
748
757
789
803
804
904
996
1005
1025
1085
1160
1165
1185
1258
1404
1553
1609
1660
1788
1815
1840
1877
1899
1928
1939
1984
2039
2060
2082
2097
2178
2235
2238
2325
2526
2549
2667
2729
2755
2812
2828
2863
3051
3106
3132
3192
3270
3384
3399
3445
3469
3499
3557
3560
3772
3834
4
146
259
353
361
577
597
693
757
759
809
904
915
919
973
1005
1023
1169
1268
1278
1336
1404
1546
1690
1788
1814
1880
1906
1929
1956
2032
2082
2097
2129
2164
2196
2225
2261
2300
2322
2325
2333
2347
2395
2412
2423
2492
2558
2649
2656
2659
2667
2703
2729
2746
2758
2824
2921
2965
3056
3073
3156
3192
3241
3311
3343
3346
3384
3460
3469
3530
3538
3557
3592
3624
3634
3671
3748
3756
3814
3834
3943
4091
66
420
534
577
607
757
759
762
789
919
1046
1063
1224
1321
1372
1404
1533
1595
1961
2013
2060
2097
2196
2284
2300
2412
2492
2519
2647
2650
2667
2729
2758
3073
3192
3306
3325
3343
3346
3384
3473
3516
3538
3550
3624
3674
3744
3793
3879
3942
66
136
142
226
297
345
420
757
759
762
789
904
919
1023
1046
1063
1160
1169
1224
1345
1404
1533
1595
1609
1815
1899
1928
1961
2235
2284
2300
2519
2647
2650
2667
2758
2993
3073
3192
3306
3325
3346
3384
3399
3473
3516
3538
3624
3674
3744
3793
3879
3942
4
66
136
146
226
259
361
577
597
693
757
759
809
904
919
973
1005
1023
1153
1160
1169
1268
1278
1336
1345
1404
1436
1546
1609
1815
1880
1899
1928
1929
2082
2097
2129
2164
2225
2235
2261
2322
2325
2395
2412
2423
2492
2547
2649
2656
2667
2703
2729
2746
2824
2921
2965
3073
3156
3192
3241
3311
3384
3399
3445
3469
3530
3538
3557
3592
3624
3671
3674
3748
3756
3814
3834
3943
4091
35
107
119
133
140
259
400
757
789
793
881
1046
1057
1169
1185
1268
1322
1345
1404
1481
1508
1533
1651
1661
1771
1840
1928
2016
2060
2080
2155
2261
2300
2325
2333
2411
2659
2739
2758
2780
2823
2824
2826
2828
2955
2965
3105
3192
3223
3266
3343
3384
3466
3501
3557
3590
3623
3624
3634
3664
3666
3730
3834
3879
4013
107
119
142
225
259
361
575
663
693
721
757
759
762
809
1057
1149
1229
1322
1404
1578
1690
1814
1906
2060
2080
2101
2155
2284
2300
2547
2600
2659
2758
2780
2828
3006
3056
3156
3192
3194
3325
3343
3384
3460
3503
3557
3624
3634
3660
3674
3744
3834
3987
71
107
142
361
460
663
757
759
762
904
1057
1149
1160
1229
1322
1345
1404
1578
1595
1609
1899
1928
2060
2101
2235
2300
2547
2647
2667
2737
2758
3006
3156
3176
3180
3192
3325
3384
3460
3557
3624
3634
3674
3744
3748
3987
4064
71
107
119
133
140
226
259
757
789
919
1046
1057
1153
1160
1169
1185
1268
1322
1481
1508
1533
1609
1651
1661
1771
1815
1840
1899
1928
2016
2060
2235
2261
2325
2333
2758
2823
2826
2955
2965
3105
3156
3192
3466
3557
3590
3624
3666
3730
3834
3879
3987
4013
122
154
295
372
437
575
721
757
859
915
1023
1049
1119
1148
1169
1229
1239
1275
1472
1576
1750
1928
1961
1971
2080
2155
2178
2300
2412
2510
2650
2667
2704
2965
3192
3223
3226
3298
3343
3384
3448
3469
3551
3557
3748
146
154
295
372
387
425
437
575
593
597
620
757
859
904
1083
1100
1119
1239
1278
1330
1468
1546
1651
1661
2060
2080
2086
2155
2271
2284
2300
2325
2369
2374
2650
2659
2824
2828
3192
3298
3325
3343
3501
3538
3744
3808
3814
4011
4073
107
136
142
154
295
372
425
437
575
593
620
859
904
1083
1100
1160
1229
1239
1345
1404
1468
1546
1595
1609
1716
1808
1899
1928
2060
2325
2369
2374
2647
2659
2758
3176
3192
3298
3306
3325
3384
3399
3469
3643
3744
3808
4011
4073
107
136
154
295
372
721
859
1023
1119
1160
1239
1275
1404
1472
1576
1609
1750
1899
1928
1961
2178
2235
2412
2667
2704
2758
2965
3192
3226
3298
3399
3448
3469
3557
3748
4064
107
115
150
193
353
437
439
544
756
788
819
840
885
915
941
979
1153
1228
1229
1261
1284
1293
1315
1353
1404
1576
1612
1648
1716
1741
1756
1808
1821
1932
2011
2045
2050
2080
2082
2222
2256
2316
2325
2383
2407
2464
2596
2629
2650
2758
2765
3078
3158
3185
3187
3192
3223
3343
3347
3384
3414
3499
3528
3549
3564
3592
3632
3634
3642
3643
3646
3694
3927
4024
4037
4048
4064
132
150
246
259
314
353
439
612
694
756
788
809
820
874
1071
1508
1514
1771
1840
2011
2080
2222
2256
2333
2415
2647
2650
2659
2681
2721
2746
2758
2823
3025
3096
3156
3192
3216
3223
3240
3260
3302
3306
3343
3346
3384
3499
3538
3564
3646
4020
246
259
314
361
369
439
612
694
756
789
809
874
904
1899
1928
2011
2256
2500
2647
2659
2681
2721
2746
2823
3025
3096
3192
3216
3240
3260
3306
3384
3399
3499
3642
4020
142
369
756
759
840
885
915
1153
1284
1404
1716
1808
1928
2011
2082
2256
2316
2325
2383
2407
2596
2650
2765
3192
3384
3399
3499
3634
3643
4064
147
193
259
340
361
445
495
498
623
756
757
789
1018
1020
1169
1242
1297
1330
1348
1394
1404
1429
1452
1464
1468
1774
1912
1966
1974
1990
2031
2065
2080
2082
2143
2161
2222
2271
2312
2407
2412
2526
2536
2729
2776
2809
2823
2922
2965
2993
3081
3192
3219
3223
3343
3384
3485
3557
3642
3743
3758
3774
3800
3886
3902
3905
4017
4040
259
314
445
534
575
623
756
757
820
846
897
941
1023
1330
1452
1472
1821
1840
1912
2074
2080
2143
2222
2225
2271
2647
2650
2765
2824
2971
3013
3105
3156
3192
3343
3346
3347
3384
3499
3592
3744
3758
4048
74
145
259
314
575
757
789
846
897
904
1023
1374
1404
1470
1595
1821
1839
1840
1899
1928
2074
2097
2225
2235
2500
2526
2647
2650
2696
2758
2971
3013
3105
3156
3192
3306
3346
3347
3384
3399
3499
3592
3642
3674
3744
3758
3774
3800
142
145
259
361
445
757
789
874
1153
1297
1330
1348
1394
1404
1464
1468
1774
1899
1912
1928
1966
1974
2031
2082
2097
2161
2235
2312
2407
2412
2526
2729
2758
2809
2823
2901
2922
2965
2993
3081
3192
3219
3384
3399
3485
3557
3743
3758
3905
4040
34
74
128
133
190
193
252
259
413
584
757
784
793
897
1050
1155
1164
1372
1462
1530
1576
1610
1619
1682
1703
1747
1867
1977
1989
2086
2097
2208
2238
2348
2501
2509
2724
2763
2821
2981
3141
3160
3192
3223
3248
3259
3278
3336
3366
3377
3384
3485
3497
3538
3642
3774
3800
3921
3951
3997
4062
34
147
218
259
353
460
597
757
809
820
941
1046
1242
1345
1404
1452
1462
1472
1619
1834
1840
2080
2208
2271
2284
2333
2343
2386
2501
2536
2647
2747
3160
3192
3223
3259
3325
3384
3497
3537
3547
3634
3664
3744
3774
3800
3867
34
107
147
218
259
460
525
757
809
1046
1160
1229
1345
1404
1452
1462
1595
1610
1821
1834
1840
2208
2536
2647
2758
3192
3259
3325
3384
3445
3497
3537
3547
3557
3642
3664
3744
3774
3867
74
133
145
252
259
525
897
1160
1164
1372
1404
1610
1977
1989
2086
2097
2509
2758
3141
3192
3259
3377
3384
3497
3538
3800
3951
3997
53
90
92
142
145
173
193
244
294
342
396
430
445
537
584
873
924
957
960
962
998
1009
1116
1161
1184
1252
1319
1387
1404
1432
1523
1559
1610
1619
1928
1989
2038
2082
2086
2101
2393
2505
2507
2526
2558
2572
2623
2659
2681
2758
2788
2818
2941
3002
3035
3136
3192
3221
3223
3260
3302
3310
3325
3408
3443
3457
3484
3497
3506
3538
3550
3590
3607
3613
3621
3711
3774
3927
4010
4064
4089
90
133
142
257
259
361
400
460
537
584
721
766
789
860
954
960
997
998
1245
1297
1387
1481
1595
1610
1615
1619
1683
1750
1961
1974
1989
2060
2074
2101
2160
2194
2208
2271
2272
2284
2333
2412
2557
2647
2704
2747
2758
2818
2828
2831
2913
2950
2981
3035
3158
3180
3187
3192
3226
3266
3306
3310
3325
3384
3429
3457
3497
3528
3607
3634
3674
3744
3774
3946
4013
4042
133
142
259
345
361
460
480
766
823
860
997
1169
1229
1245
1404
1481
1595
1610
1615
1619
1821
1839
1899
1928
1961
2074
2160
2194
2284
2557
2647
2729
2828
2831
2913
2950
3180
3192
3266
3306
3325
3384
3557
3607
3634
3642
3674
3744
3774
3793
3946
4013
4042
4060
92
142
145
173
259
294
361
525
537
575
584
789
809
823
957
960
962
1009
1023
1116
1153
1161
1404
1468
1610
1619
1821
1928
1989
2082
2086
2507
2572
2623
2659
2681
2696
2788
2828
3136
3180
3192
3221
3260
3325
3347
3443
3445
3457
3538
3550
3607
3613
3621
3711
3927
4010
4064
10
93
100
105
108
111
132
136
138
141
142
169
178
232
252
275
329
342
346
354
366
379
413
422
443
477
480
485
507
537
564
567
569
575
583
595
610
617
619
621
649
681
683
706
713
724
735
737
739
794
819
823
839
860
872
873
902
971
986
1007
1028
1045
1065
1117
1139
1159
1167
1190
1207
1214
1229
1235
1279
1281
1318
1340
1357
1387
1391
1395
1400
1447
1457
1460
1468
1472
1474
1488
1492
1496
1505
1518
1543
1595
1600
1607
1610
1619
1665
1671
1674
1683
1695
1740
1742
1752
1759
1803
1844
1849
1869
1926
1933
1941
1985
1989
1991
2009
2023
2026
2047
2082
2086
2098
2162
2178
2193
2216
2230
2236
2282
2287
2310
2316
2331
2333
2341
2352
2389
2412
2422
2437
2454
2464
2489
2500
2518
2543
2559
2560
2567
2601
2608
2611
2615
2624
2632
2659
2675
2685
2696
2707
2730
2736
2740
2746
2747
2749
2758
2866
2879
2896
2898
2916
2925
2937
2990
3005
3012
3050
3057
3068
3071
3079
3087
3116
3123
3149
3151
3192
3198
3204
3205
3223
3237
3244
3255
3257
3309
3318
3336
3339
3343
3344
3347
3376
3414
3425
3457
3469
3479
3497
3498
3511
3536
3538
3550
3557
3577
3590
3607
3610
3618
3624
3626
3637
3649
3653
3655
3709
3734
3737
3750
3753
3756
3767
3768
3774
3827
3863
3881
3886
3897
3912
3918
3942
3947
3968
3984
3996
4003
4037
4069
90
92
108
111
133
136
142
145
188
232
280
342
345
354
396
413
417
422
430
437
445
460
477
537
567
569
575
584
621
632
655
663
723
810
823
925
957
962
971
997
1021
1023
1046
1061
1063
1117
1139
1141
1159
1177
1184
1214
1252
1286
1319
1372
1387
1404
1505
1517
1518
1595
1610
1619
1665
1683
1703
1722
1740
1742
1788
1791
1801
1810
1827
1929
1942
1966
1982
1985
1989
1991
2038
2047
2086
2118
2152
2162
2173
2193
2208
2238
2271
2284
2310
2316
2325
2407
2489
2509
2560
2572
2624
2632
2647
2653
2666
2710
2740
2747
2758
2913
2916
2943
3014
3035
3071
3123
3141
3158
3176
3192
3208
3223
3257
3306
3309
3324
3343
3347
3377
3384
3388
3429
3457
3497
3516
3529
3538
3550
3607
3614
3618
3634
3734
3744
3767
3768
3774
3805
3968
3996
3997
4064
19
85
107
111
120
136
142
188
234
280
342
345
413
417
422
430
460
465
477
569
584
632
645
655
663
723
744
759
810
844
904
925
971
997
1021
1023
1045
1046
1057
1061
1063
1088
1117
1141
1159
1160
1169
1177
1184
1214
1224
1229
1286
1345
1372
1404
1406
1517
1595
1618
1619
1625
1665
1740
1788
1791
1801
1810
1827
1839
1893
1899
1929
1966
1982
1985
2009
2020
2068
2152
2173
2193
2213
2284
2310
2325
2444
2519
2572
2632
2647
2653
2666
2696
2758
2762
2905
2913
2916
2943
3000
3014
3064
3071
3176
3192
3208
3217
3306
3309
3324
3347
3384
3457
3473
3485
3516
3538
3557
3601
3607
3610
3614
3618
3624
3634
3673
3674
3715
3734
3744
3753
3763
3768
3774
3793
3805
4064
10
93
107
120
136
142
178
252
275
329
354
366
379
422
460
477
480
485
537
564
569
575
583
595
621
713
724
735
737
739
759
819
860
902
904
971
986
1007
1045
1065
1117
1159
1160
1167
1177
1214
1235
1279
1318
1340
1395
1404
1406
1460
1488
1492
1505
1518
1595
1600
1625
1665
1695
1740
1742
1752
1759
1803
1840
1849
1869
1893
1899
1926
1941
1989
1991
2023
2082
2086
2098
2162
2178
2193
2213
2216
2230
2287
2310
2316
2331
2412
2444
2464
2489
2500
2543
2547
2559
2560
2567
2601
2608
2611
2615
2624
2675
2696
2707
2729
2730
2740
2746
2747
2749
2758
2866
2879
2916
2925
2937
3050
3057
3064
3068
3071
3079
3087
3123
3149
3151
3192
3198
3205
3237
3255
3257
3309
3318
3339
3344
3414
3425
3457
3469
3479
3536
3538
3550
3557
3590
3607
3610
3618
3624
3626
3649
3655
3673
3709
3737
3753
3756
3763
3768
3774
3827
3863
3897
3912
3918
3922
3942
3968
3984
4003
4037
4060
4069
13
15
23
27
37
44
50
79
81
95
101
106
108
113
127
153
200
239
241
259
268
275
277
312
321
328
342
346
349
355
369
383
417
418
433
436
459
464
484
488
489
497
525
537
548
554
555
557
569
570
587
600
618
624
632
658
667
668
695
700
713
717
722
741
766
785
799
816
824
831
892
911
913
914
922
927
929
936
939
946
947
963
971
983
984
1010
1047
1062
1073
1079
1084
1104
1107
1117
1127
1158
1159
1169
1175
1176
1178
1189
1198
1217
1219
1229
1240
1248
1261
1262
1279
1290
1298
1300
1332
1334
1341
1345
1380
1382
1385
1396
1399
1403
1404
1416
1422
1471
1472
1489
1496
1499
1503
1516
1520
1527
1537
1548
1562
1566
1567
1571
1574
1582
1584
1592
1595
1596
1600
1610
1619
1634
1672
1683
1687
1689
1694
1695
1702
1715
1718
1758
1785
1794
1798
1799
1817
1825
1829
1841
1851
1866
1871
1878
1886
1891
1905
1917
1927
1931
1934
1945
1946
1958
1962
1986
1989
1990
1995
1998
2002
2009
2025
2027
2047
2053
2063
2069
2076
2086
2088
2108
2177
2186
2200
2203
2278
2287
2296
2299
2300
2301
2302
2315
2329
2376
2383
2398
2412
2434
2435
2439
2444
2448
2450
2473
2491
2499
2502
2509
2518
2539
2550
2562
2567
2569
2586
2606
2614
2625
2648
2664
2671
2675
2682
2687
2690
2691
2695
2711
2713
2730
2732
2739
2747
2752
2758
2759
2761
2768
2770
2780
2785
2792
2829
2837
2842
2843
2851
2858
2869
2870
2871
2876
2890
2893
2897
2910
2915
2926
2927
2935
2936
2944
2947
2959
2975
2980
3003
3017
3025
3027
3037
3045
3047
3052
3053
3059
3072
3076
3080
3092
3144
3150
3154
3158
3168
3188
3190
3192
3195
3199
3206
3219
3220
3223
3233
3243
3280
3282
3292
3295
3329
3350
3351
3352
3370
3385
3401
3415
3418
3420
3422
3423
3436
3453
3454
3457
3478
3489
3497
3504
3508
3512
3515
3520
3521
3523
3524
3543
3547
3552
3553
3556
3557
3558
3562
3566
3572
3580
3582
3602
3603
3605
3620
3631
3645
3651
3653
3669
3683
3697
3726
3732
3753
3754
3756
3763
3767
3768
3802
3805
3840
3852
3859
3894
3908
3911
3916
3920
3924
3929
3936
3942
3945
3948
3959
3977
3982
3991
4009
4018
4021
4028
4043
4044
4056
4079
3
80
82
100
101
106
108
140
142
153
188
193
230
239
244
259
272
286
331
345
346
390
418
436
440
460
484
525
537
544
548
561
567
580
583
588
629
651
653
657
668
677
700
714
754
810
812
823
837
865
875
911
927
947
971
1018
1029
1063
1117
1159
1178
1189
1190
1224
1268
1281
1285
1305
1335
1345
1347
1383
1395
1404
1457
1489
1492
1496
1499
1516
1517
1527
1549
1574
1596
1607
1610
1619
1671
1683
1689
1694
1699
1719
1734
1788
1801
1812
1827
1879
1886
1901
1905
1933
1934
1938
1946
1984
1986
1989
1998
2009
2030
2047
2085
2086
2146
2173
2236
2243
2284
2333
2336
2376
2399
2435
2491
2519
2543
2559
2577
2606
2623
2624
2647
2653
2657
2664
2685
2687
2695
2707
2713
2732
2747
2749
2752
2758
2770
2780
2826
2843
2864
2897
2911
2947
2955
2959
3027
3045
3047
3049
3052
3063
3066
3071
3091
3116
3136
3150
3192
3208
3217
3248
3280
3292
3311
3319
3329
3351
3384
3410
3422
3457
3497
3520
3524
3550
3556
3577
3585
3610
3637
3639
3651
3653
3657
3669
3674
3683
3697
3726
3732
3744
3767
3768
3776
3805
3817
3823
3840
3855
3894
3911
3924
3948
3962
4021
4028
4044
4080
3
32
40
72
80
82
142
188
206
230
272
286
331
345
369
440
460
509
525
544
580
588
651
653
657
663
677
714
754
759
810
812
823
837
865
875
915
933
971
997
1029
1063
1117
1155
1159
1160
1224
1229
1240
1262
1285
1305
1345
1347
1383
1404
1406
1517
1549
1572
1588
1609
1618
1625
1699
1719
1734
1788
1801
1812
1827
1851
1879
1899
1901
1938
1976
2030
2047
2068
2085
2146
2243
2284
2333
2336
2376
2410
2444
2519
2571
2577
2606
2647
2653
2657
2671
2687
2713
2732
2752
2758
2823
2905
2911
2955
2959
3010
3049
3063
3064
3066
3071
3091
3161
3192
3202
3208
3217
3248
3306
3319
3351
3384
3410
3497
3550
3552
3556
3585
3610
3657
3674
3726
3733
3744
3753
3768
3776
3793
3805
3817
3823
3840
3855
3898
3920
3948
3962
3964
3965
4044
4061
4079
4080
15
23
27
37
44
72
81
95
127
136
241
259
268
312
321
328
342
355
369
417
436
459
460
489
525
537
554
555
569
587
618
632
658
717
722
759
766
785
816
824
913
933
936
939
946
971
1073
1084
1107
1117
1127
1155
1158
1159
1160
1169
1175
1176
1189
1217
1240
1248
1261
1262
1290
1341
1345
1382
1399
1404
1422
1472
1499
1503
1533
1537
1571
1582
1592
1595
1619
1625
1634
1687
1702
1758
1794
1817
1825
1841
1851
1866
1878
1886
1899
1905
1931
1934
1945
1958
1962
1976
1986
1989
1998
2009
2030
2047
2063
2086
2186
2287
2296
2301
2302
2315
2376
2383
2439
2444
2450
2473
2518
2539
2550
2562
2569
2571
2671
2682
2687
2690
2711
2713
2730
2732
2739
2747
2752
2758
2759
2761
2768
2785
2792
2829
2837
2851
2858
2869
2871
2890
2910
2927
2944
2980
3025
3071
3144
3158
3161
3168
3188
3190
3192
3199
3206
3219
3220
3223
3233
3280
3282
3324
3350
3351
3352
3385
3436
3453
3489
3512
3515
3523
3547
3552
3553
3562
3580
3605
3610
3697
3726
3753
3756
3768
3805
3840
3908
3920
3942
3977
3991
4009
4021
4044
4079
51
101
104
106
108
153
176
186
198
208
213
239
262
266
275
279
290
292
301
369
382
395
417
424
440
445
459
474
483
491
523
525
531
539
543
556
583
592
608
614
622
646
657
669
673
690
692
697
715
745
752
771
777
779
791
796
807
817
882
894
911
926
933
959
971
975
1000
1004
1006
1053
1075
1091
1101
1105
1117
1121
1126
1145
1147
1150
1155
1159
1169
1187
1202
1223
1229
1246
1295
1312
1362
1364
1398
1420
1421
1422
1426
1431
1448
1453
1472
1482
1570
1574
1609
1610
1616
1617
1619
1623
1632
1653
1656
1683
1685
1688
1689
1721
1724
1732
1740
1753
1773
1778
1780
1805
1840
1843
1894
1916
1923
1931
1934
1935
1979
1982
1989
2015
2018
2045
2047
2059
2067
2068
2075
2080
2085
2086
2102
2103
2108
2119
2137
2154
2169
2171
2203
2228
2238
2249
2275
2293
2333
2346
2355
2363
2383
2414
2418
2419
2421
2430
2450
2497
2498
2512
2531
2543
2552
2561
2576
2587
2590
2594
2599
2609
2679
2682
2695
2732
2735
2739
2747
2753
2754
2765
2768
2769
2817
2827
2848
2865
2873
2878
2889
2895
2910
2911
2918
2959
2960
2968
2971
2978
2992
3036
3046
3047
3064
3066
3071
3075
3111
3114
3150
3152
3164
3173
3182
3187
3192
3199
3217
3223
3236
3258
3273
3288
3309
3314
3320
3329
3354
3401
3453
3477
3488
3506
3546
3547
3555
3565
3578
3583
3589
3590
3592
3610
3615
3624
3627
3642
3662
3720
3726
3728
3739
3750
3757
3768
3784
3802
3803
3811
3821
3824
3829
3853
3860
3928
3957
3962
3977
3990
3994
4012
4015
4017
4027
4041
4058
4065
4074
4080
4090
4095
101
104
108
142
145
169
176
186
188
230
271
301
330
345
380
543
572
608
614
653
673
683
751
879
915
971
1000
1006
1028
1029
1075
1117
1145
1150
1159
1167
1193
1198
1332
1345
1355
1391
1404
1412
1418
1420
1434
1460
1534
1572
1609
1610
1619
1632
1660
1683
1685
1689
1715
1732
1734
1773
1778
1781
1799
1812
1895
2047
2085
2086
2103
2108
2133
2135
2184
2228
2237
2248
2284
2300
2450
2497
2498
2504
2519
2594
2611
2647
2681
2695
2732
2758
2783
2793
2817
2848
2865
2872
2959
2965
2966
3047
3071
3075
3188
3192
3204
3305
3306
3316
3353
3354
3384
3385
3453
3565
3592
3624
3658
3672
3674
3726
3744
3768
3793
3802
3821
3860
3899
3977
3984
4077
4093
72
142
188
230
271
330
345
380
434
572
608
653
751
759
879
915
971
1000
1029
1058
1075
1117
1159
1193
1345
1355
1412
1418
1434
1534
1572
1585
1609
1685
1688
1689
1778
1781
2051
2105
2133
2135
2184
2237
2248
2284
2444
2504
2519
2647
2681
2695
2732
2758
2783
2793
2817
2966
3192
3305
3306
3316
3353
3384
3565
3592
3624
3658
3672
3674
3687
3726
3744
3768
3793
3802
3899
4077
4093
72
101
142
262
275
301
369
424
440
459
509
531
556
608
646
657
669
697
715
752
759
777
779
971
1000
1006
1075
1117
1126
1141
1145
1159
1169
1202
1262
1383
1406
1422
1472
1549
1585
1609
1619
1623
1625
1653
1656
1721
1732
1780
1810
1840
1931
1935
1938
1982
1989
2015
2051
2068
2075
2085
2238
2249
2333
2419
2512
2590
2599
2682
2732
2735
2758
2768
2769
2817
2889
2911
2918
2971
3046
3064
3066
3071
3152
3192
3217
3288
3314
3354
3410
3547
3565
3578
3583
3589
3610
3615
3624
3757
3768
3811
3821
3829
3898
3957
3962
4041
4065
4080
84
123
134
151
176
199
214
215
269
342
352
364
381
416
447
487
516
533
560
589
592
596
611
643
675
682
687
691
692
697
743
758
763
783
841
894
896
935
949
960
965
971
1041
1051
1062
1113
1114
1117
1159
1183
1192
1201
1216
1222
1228
1229
1253
1274
1279
1299
1338
1372
1402
1409
1455
1472
1476
1485
1490
1504
1506
1511
1545
1561
1606
1609
1633
1636
1640
1656
1664
1674
1683
1685
1689
1698
1714
1745
1762
1768
1823
1836
1840
1843
1846
1953
1989
1990
2022
2035
2049
2104
2131
2138
2159
2167
2192
2209
2285
2330
2353
2360
2366
2404
2416
2438
2450
2490
2532
2552
2602
2621
2630
2655
2684
2700
2701
2702
2711
2728
2731
2732
2748
2758
2778
2782
2784
2852
2855
2884
2891
2919
2934
2938
2960
2974
2979
2982
3054
3055
3058
3070
3075
3102
3135
3142
3147
3167
3186
3192
3197
3209
3222
3239
3245
3249
3262
3300
3333
3363
3364
3368
3390
3394
3402
3406
3412
3413
3449
3457
3458
3459
3461
3540
3547
3553
3565
3574
3599
3641
3648
3659
3686
3760
3766
3768
3778
3782
3795
3809
3854
3904
3919
3926
3930
3978
3979
4000
4005
4019
4046
17
42
76
101
108
137
176
186
258
417
525
529
533
556
568
583
607
611
616
678
692
716
743
971
973
1041
1117
1133
1159
1214
1232
1362
1431
1455
1490
1538
1545
1576
1598
1603
1609
1611
1617
1633
1683
1685
1689
1692
1732
1734
1809
1813
1823
1939
2035
2047
2058
2080
2138
2203
2209
2300
2333
2355
2379
2438
2449
2450
2543
2655
2657
2679
2695
2702
2711
2729
2732
2758
2778
2919
2959
2965
2996
3068
3075
3116
3135
3139
3150
3173
3192
3304
3333
3352
3384
3400
3415
3419
3449
3458
3478
3547
3686
3689
3768
3856
3909
3947
4012
4024
4039
17
42
76
84
108
137
258
345
399
417
509
529
568
611
616
678
716
743
759
971
1057
1117
1133
1159
1214
1229
1267
1345
1538
1603
1609
1611
1646
1683
1685
1692
1732
1809
1813
1858
1973
2035
2058
2105
2379
2416
2438
2449
2647
2655
2657
2695
2702
2711
2732
2751
2996
3068
3075
3135
3139
3167
3192
3253
3272
3304
3306
3384
3400
3419
3449
3547
3548
3689
3744
3768
3805
3909
4039
123
134
151
214
215
269
342
364
381
416
447
487
516
533
592
596
611
643
675
687
758
763
841
935
949
960
965
971
1041
1062
1113
1114
1117
1159
1183
1201
1216
1222
1228
1274
1279
1372
1409
1455
1472
1476
1485
1490
1506
1511
1561
1598
1606
1609
1618
1633
1636
1640
1656
1664
1674
1683
1689
1714
1745
1762
1809
1823
1840
1846
1858
1953
1990
2022
2104
2131
2133
2138
2159
2167
2192
2330
2353
2360
2366
2416
2438
2444
2450
2532
2602
2621
2630
2655
2684
2700
2701
2702
2728
2731
2732
2748
2778
2784
2828
2852
2884
2891
2919
2938
2960
2974
2979
3054
3070
3075
3102
3142
3186
3192
3197
3209
3222
3239
3245
3249
3300
3304
3333
3363
3364
3368
3394
3402
3406
3412
3413
3449
3457
3458
3461
3565
3599
3641
3648
3760
3766
3768
3782
3805
3809
3854
3926
3930
3979
4000
4005
4019
1
46
56
102
127
149
166
169
178
210
220
224
233
242
275
293
296
342
368
385
392
406
412
427
450
451
452
455
468
471
505
517
528
545
556
562
613
615
638
647
648
670
701
781
800
847
849
889
890
920
944
971
974
1019
1068
1080
1112
1117
1135
1136
1159
1169
1172
1176
1179
1181
1182
1188
1195
1197
1204
1210
1243
1258
1259
1271
1292
1294
1308
1331
1370
1372
1373
1377
1384
1401
1472
1488
1530
1540
1545
1564
1569
1581
1601
1605
1608
1610
1617
1631
1668
1674
1683
1685
1689
1700
1740
1751
1754
1755
1759
1766
1787
1799
1801
1818
1833
1861
1874
1885
1921
1947
1965
1967
1970
1987
1989
1992
2000
2047
2126
2132
2138
2209
2214
2223
2245
2258
2260
2285
2297
2303
2317
2320
2323
2333
2344
2373
2380
2382
2427
2450
2469
2477
2481
2494
2506
2521
2541
2543
2568
2592
2610
2614
2628
2639
2688
2693
2701
2719
2732
2739
2759
2765
2774
2777
2800
2816
2825
2836
2841
2844
2848
2854
2875
2877
2904
2945
2956
2959
2973
2986
3009
3015
3032
3060
3062
3130
3146
3177
3192
3201
3203
3210
3215
3236
3238
3312
3329
3335
3337
3348
3369
3391
3396
3413
3437
3480
3505
3506
3541
3546
3547
3554
3557
3562
3587
3591
3622
3663
3676
3688
3690
3691
3752
3768
3792
3805
3833
3853
3861
3890
3894
3900
3911
3913
3931
3942
3975
3979
3983
4001
4008
4034
4051
4052
4066
4076
4099
101
112
166
169
247
293
352
406
450
525
556
558
638
692
800
870
967
971
1046
1075
1117
1135
1159
1176
1197
1261
1268
1292
1331
1423
1476
1506
1569
1581
1608
1610
1656
1685
1689
1833
1842
1936
1981
1990
2047
2076
2086
2138
2145
2161
2180
2194
2209
2214
2287
2297
2333
2344
2394
2450
2471
2480
2481
2519
2525
2596
2610
2688
2717
2732
2815
2848
2885
2888
2959
2976
3146
3163
3192
3215
3328
3412
3419
3546
3547
3554
3716
3744
3768
3784
3802
3911
3930
3931
4001
4052
4076
101
159
169
192
247
293
450
558
673
800
870
967
971
1046
1087
1117
1159
1169
1197
1199
1268
1280
1292
1331
1423
1569
1581
1585
1646
1656
1657
1683
1689
1842
1936
2086
2138
2145
2180
2194
2235
2248
2287
2297
2333
2344
2387
2394
2471
2480
2481
2519
2525
2541
2579
2596
2647
2688
2695
2717
2732
2758
2799
2815
2820
2885
2888
2976
3004
3128
3146
3163
3192
3215
3306
3328
3337
3419
3455
3547
3548
3554
3557
3716
3736
3744
3768
3805
3920
3931
4001
4052
1
46
108
127
149
166
169
178
210
220
224
233
242
272
275
293
296
342
385
406
412
427
450
455
468
471
505
509
517
528
545
556
572
613
615
638
647
648
670
673
701
744
781
800
847
890
920
944
971
974
1019
1061
1068
1075
1080
1112
1117
1135
1136
1159
1172
1176
1181
1182
1188
1197
1204
1210
1243
1258
1259
1271
1292
1294
1308
1331
1370
1372
1377
1384
1401
1488
1530
1540
1545
1564
1569
1581
1585
1601
1605
1608
1609
1631
1657
1668
1674
1683
1689
1700
1740
1751
1754
1755
1766
1799
1818
1833
1861
1885
1921
1947
1965
1967
1970
1987
1992
2000
2126
2132
2138
2146
2214
2223
2245
2260
2285
2297
2303
2317
2320
2323
2333
2344
2373
2380
2382
2427
2450
2469
2477
2481
2506
2568
2592
2596
2628
2639
2688
2693
2701
2719
2739
2758
2759
2777
2800
2816
2820
2825
2836
2841
2844
2848
2854
2875
2877
2888
2904
2956
2973
2976
2986
3004
3009
3015
3032
3060
3062
3146
3177
3192
3201
3203
3210
3215
3238
3312
3335
3337
3348
3396
3413
3419
3437
3480
3505
3506
3541
3548
3554
3557
3562
3587
3591
3622
3663
3676
3688
3690
3691
3715
3752
3768
3805
3853
3861
3911
3913
3920
3931
3942
3979
3983
4001
4008
4034
4051
4052
4066
4076
4099
3
29
36
42
45
68
176
182
186
197
209
212
251
259
275
278
299
308
311
315
319
333
342
350
359
374
377
398
421
450
452
479
525
530
537
547
551
581
585
603
606
620
647
662
665
670
685
689
690
707
734
774
782
786
802
824
861
869
880
883
891
971
974
976
981
993
1013
1037
1039
1043
1058
1070
1086
1095
1117
1118
1121
1143
1144
1152
1159
1161
1168
1171
1174
1200
1244
1251
1269
1272
1273
1289
1301
1320
1324
1344
1350
1378
1420
1430
1453
1519
1522
1526
1547
1557
1558
1583
1586
1610
1617
1624
1655
1656
1667
1670
1677
1679
1683
1689
1701
1721
1727
1740
1770
1775
1780
1782
1801
1807
1824
1828
1837
1843
1845
1856
1878
1881
1896
1902
1909
1949
1955
1963
1965
1966
1983
1989
2001
2007
2024
2028
2042
2047
2073
2077
2082
2086
2088
2108
2126
2128
2142
2147
2168
2175
2182
2185
2187
2188
2209
2217
2240
2244
2255
2263
2265
2324
2328
2333
2337
2357
2368
2378
2391
2402
2413
2420
2428
2430
2442
2450
2486
2488
2517
2524
2564
2568
2574
2619
2624
2626
2646
2663
2665
2697
2700
2711
2712
2714
2715
2730
2731
2732
2734
2739
2745
2758
2764
2765
2791
2794
2799
2814
2825
2835
2847
2859
2860
2882
2910
2934
2939
2957
2958
2959
2964
3008
3024
3033
3034
3044
3047
3065
3068
3082
3098
3117
3171
3175
3192
3212
3223
3232
3234
3235
3252
3261
3271
3321
3326
3360
3375
3382
3386
3405
3443
3444
3457
3470
3529
3547
3553
3567
3584
3597
3606
3607
3654
3692
3713
3718
3722
3745
3750
3768
3769
3783
3816
3822
3851
3865
3871
3877
3894
3895
3900
3915
3927
3952
3966
4034
4035
4084
4094
3
5
119
153
176
186
189
197
230
259
283
311
346
383
394
414
445
450
460
484
488
525
537
558
603
606
687
725
830
862
872
911
931
971
1010
1058
1063
1117
1159
1169
1178
1185
1212
1219
1245
1247
1251
1289
1325
1345
1419
1420
1421
1426
1466
1485
1528
1574
1596
1610
1656
1670
1679
1683
1689
1694
1705
1740
1762
1780
1801
1807
1828
1837
1859
1874
1902
1921
1934
1946
1965
1969
1975
1989
2024
2047
2049
2086
2110
2126
2128
2147
2168
2207
2209
2235
2238
2271
2276
2277
2284
2294
2329
2357
2363
2420
2450
2519
2564
2572
2624
2636
2647
2680
2688
2700
2711
2732
2843
2897
2945
2947
2959
3003
3034
3047
3080
3117
3142
3192
3232
3256
3306
3384
3397
3401
3422
3448
3457
3462
3466
3481
3508
3520
3521
3548
3567
3572
3584
3602
3607
3660
3674
3692
3713
3744
3768
3776
3793
3816
3822
3834
3952
3965
3971
4053
4058
4067
5
19
52
119
176
186
189
230
283
311
394
414
460
558
725
759
830
862
931
971
1063
1117
1159
1160
1169
1212
1245
1247
1325
1345
1419
1420
1466
1528
1624
1657
1679
1683
1689
1705
1740
1807
1859
1969
1975
1989
2086
2110
2126
2168
2207
2235
2238
2276
2277
2294
2365
2519
2572
2636
2647
2680
2688
2695
2732
2758
2931
3192
3232
3271
3306
3384
3397
3457
3462
3466
3481
3548
3607
3674
3692
3744
3768
3776
3793
3822
3834
3960
3971
4053
4067
29
42
45
68
82
197
212
275
278
308
311
315
333
342
359
374
377
450
479
529
585
603
606
620
662
670
685
759
774
782
786
824
830
861
869
870
880
883
891
971
974
976
981
993
1013
1039
1043
1058
1070
1086
1117
1118
1152
1159
1160
1161
1168
1174
1200
1244
1247
1251
1269
1272
1289
1301
1320
1324
1419
1420
1430
1526
1547
1557
1558
1655
1657
1670
1679
1689
1721
1740
1770
1780
1782
1807
1824
1845
1856
1878
1896
1902
1909
1949
1955
1989
2007
2047
2077
2086
2088
2142
2147
2168
2175
2182
2185
2244
2255
2263
2265
2333
2357
2368
2391
2402
2442
2450
2486
2517
2524
2568
2574
2579
2624
2626
2663
2665
2688
2695
2697
2700
2712
2714
2715
2730
2731
2732
2734
2758
2764
2765
2791
2799
2814
2825
2835
2847
2882
2905
2934
2939
2957
2958
2964
3024
3033
3034
3047
3065
3068
3192
3232
3234
3252
3261
3271
3375
3382
3443
3444
3457
3529
3547
3567
3584
3606
3607
3692
3713
3745
3768
3769
3816
3822
3851
3856
3865
3895
3927
3952
4034
4084
3
6
8
14
39
43
48
56
57
87
108
118
121
152
181
185
216
227
235
240
249
253
259
275
291
298
319
320
325
334
336
370
376
407
423
428
452
462
478
479
511
524
525
526
536
542
551
567
569
574
578
586
590
599
602
626
631
635
636
644
654
659
670
688
690
709
727
729
733
742
749
755
770
784
791
793
801
805
824
933
952
959
971
991
1016
1056
1059
1097
1106
1115
1117
1121
1125
1129
1137
1155
1159
1166
1169
1176
1229
1251
1261
1302
1348
1354
1358
1366
1367
1369
1372
1375
1387
1393
1397
1426
1437
1445
1446
1453
1458
1462
1465
1485
1489
1495
1501
1531
1532
1544
1560
1590
1610
1621
1629
1641
1645
1647
1662
1665
1666
1683
1685
1689
1696
1720
1722
1725
1739
1744
1780
1783
1788
1790
1801
1806
1807
1820
1837
1847
1852
1853
1857
1878
1882
1889
1903
1907
1952
1989
1990
2010
2037
2045
2047
2064
2066
2070
2073
2082
2086
2093
2094
2108
2109
2112
2131
2142
2165
2170
2172
2176
2204
2205
2212
2269
2275
2338
2358
2362
2364
2392
2396
2420
2425
2430
2444
2450
2458
2462
2468
2470
2476
2484
2496
2504
2530
2535
2537
2538
2540
2543
2568
2573
2581
2585
2604
2611
2617
2619
2624
2630
2637
2642
2644
2666
2670
2672
2677
2688
2697
2705
2716
2722
2723
2739
2742
2747
2757
2758
2767
2786
2790
2816
2834
2840
2862
2874
2883
2887
2906
2910
2925
2928
2933
2934
2950
2952
2953
2959
2988
2994
3008
3036
3043
3047
3068
3090
3110
3114
3117
3124
3125
3129
3134
3147
3150
3160
3170
3179
3183
3191
3192
3213
3223
3229
3232
3242
3252
3261
3267
3273
3283
3293
3296
3340
3343
3358
3367
3379
3404
3424
3431
3432
3435
3438
3439
3446
3457
3474
3475
3517
3518
3519
3529
3538
3546
3557
3567
3576
3590
3598
3607
3617
3627
3640
3656
3668
3682
3684
3692
3703
3723
3724
3746
3751
3762
3768
3780
3820
3846
3866
3895
3896
3900
3907
3935
3937
3940
3942
3965
3970
3976
3979
3986
4004
4030
4049
4050
4071
4075
3
5
57
108
118
152
186
193
219
228
230
235
240
253
283
298
324
334
379
384
409
426
452
460
471
499
515
537
542
544
558
569
590
595
602
617
634
644
663
697
733
759
805
853
861
862
915
933
963
971
977
997
1016
1031
1033
1097
1106
1117
1125
1137
1159
1166
1168
1169
1176
1201
1245
1248
1251
1254
1269
1273
1342
1345
1349
1351
1382
1387
1397
1432
1453
1489
1501
1547
1558
1560
1586
1590
1610
1616
1617
1629
1659
1666
1683
1685
1689
1705
1720
1734
1740
1754
1770
1780
1801
1812
1837
1840
1857
1897
1907
1965
1970
1989
1990
2001
2037
2044
2047
2086
2093
2108
2119
2139
2142
2204
2217
2251
2263
2271
2275
2284
2285
2310
2328
2335
2351
2364
2373
2376
2392
2420
2444
2450
2470
2476
2482
2519
2543
2546
2573
2576
2581
2595
2611
2617
2619
2624
2647
2686
2688
2722
2730
2745
2758
2806
2834
2874
2880
2906
2928
2935
2943
2959
3036
3068
3117
3118
3150
3183
3192
3213
3222
3232
3250
3262
3271
3296
3306
3339
3340
3343
3344
3354
3362
3367
3384
3397
3404
3411
3433
3438
3439
3457
3465
3469
3470
3475
3483
3511
3517
3532
3538
3539
3546
3553
3567
3598
3607
3622
3636
3640
3660
3663
3674
3682
3692
3707
3709
3724
3744
3768
3770
3781
3846
3885
3895
3903
3907
3915
3929
3934
3942
3976
4049
4071
5
108
152
193
219
228
230
253
283
324
384
409
426
452
460
477
509
515
537
542
544
558
567
569
595
634
663
759
853
862
904
915
921
971
977
997
1031
1033
1117
1125
1137
1159
1169
1229
1245
1254
1342
1345
1349
1351
1365
1560
1586
1588
1590
1629
1657
1659
1683
1685
1689
1705
1734
1740
1770
1801
1810
1812
1840
1872
1897
1899
1970
2037
2044
2051
2086
2136
2139
2251
2284
2285
2310
2328
2335
2351
2364
2444
2482
2519
2546
2595
2622
2633
2647
2686
2688
2695
2732
2758
2806
2903
2935
2943
3107
3118
3192
3213
3250
3271
3296
3306
3362
3384
3397
3411
3433
3465
3483
3532
3539
3544
3547
3548
3607
3636
3674
3692
3707
3744
3768
3770
3781
3820
3885
3892
3895
3903
3934
3935
3942
3976
3988
4078
3
6
39
43
181
185
216
227
240
253
259
275
291
320
325
334
336
370
376
417
423
428
460
478
511
524
526
536
541
542
551
567
569
572
578
586
590
599
602
631
635
636
670
727
729
749
759
784
791
801
805
824
837
904
952
971
977
991
1087
1097
1106
1115
1117
1125
1129
1137
1159
1176
1251
1302
1327
1354
1365
1366
1369
1372
1375
1393
1426
1437
1445
1446
1458
1465
1495
1501
1531
1532
1544
1560
1568
1572
1590
1621
1629
1641
1645
1647
1657
1662
1666
1683
1696
1720
1722
1725
1739
1744
1780
1790
1806
1807
1820
1837
1847
1852
1853
1889
1899
1907
1952
1989
1990
2037
2047
2051
2064
2066
2070
2082
2086
2093
2094
2109
2112
2131
2142
2165
2170
2172
2176
2204
2205
2235
2269
2283
2338
2358
2364
2396
2410
2425
2450
2462
2468
2484
2496
2504
2535
2538
2540
2568
2581
2604
2617
2624
2637
2642
2644
2666
2672
2688
2705
2723
2732
2757
2758
2767
2786
2790
2840
2862
2883
2887
2933
2950
2952
2953
2988
3047
3068
3090
3110
3114
3117
3124
3129
3147
3160
3179
3183
3191
3192
3229
3232
3252
3261
3267
3273
3293
3340
3358
3367
3404
3424
3431
3435
3438
3439
3446
3457
3474
3475
3509
3517
3518
3529
3538
3546
3567
3590
3598
3607
3640
3656
3668
3682
3692
3703
3746
3751
3768
3866
3896
3903
3907
3935
3937
3940
3942
3965
3970
3976
3986
4004
4049
4071
4075
19
54
55
109
193
203
216
227
232
243
266
281
285
326
364
388
441
450
481
500
544
551
671
686
698
740
765
770
773
780
787
792
815
826
848
886
923
930
959
963
968
971
1017
1027
1052
1076
1078
1092
1093
1117
1120
1145
1159
1203
1206
1208
1217
1233
1251
1258
1261
1263
1302
1303
1314
1339
1360
1392
1405
1428
1438
1450
1507
1525
1540
1552
1559
1580
1610
1627
1630
1637
1639
1645
1650
1683
1689
1708
1740
1746
1780
1795
1801
1805
1807
1826
1828
1850
1857
1862
1875
1888
1892
1920
1936
1944
1951
1960
1968
2008
2047
2073
2082
2086
2087
2092
2102
2113
2123
2142
2145
2151
2172
2181
2183
2185
2197
2203
2226
2228
2292
2313
2326
2345
2375
2420
2433
2450
2452
2466
2527
2552
2556
2568
2582
2588
2589
2605
2619
2628
2631
2661
2688
2697
2701
2705
2715
2731
2732
2750
2775
2789
2796
2810
2825
2834
2845
2910
2917
2934
2960
2970
2983
3008
3026
3040
3061
3070
3093
3100
3108
3115
3155
3184
3192
3231
3253
3268
3281
3285
3308
3374
3381
3389
3393
3426
3463
3470
3474
3490
3514
3538
3569
3579
3631
3633
3647
3665
3680
3692
3706
3712
3756
3768
3791
3794
3828
3848
3862
3872
3889
3944
4082
3
15
55
95
98
105
109
199
204
260
281
290
343
358
373
423
450
472
525
550
557
626
745
770
833
894
913
930
933
959
966
971
975
978
1011
1013
1014
1055
1082
1117
1145
1159
1187
1208
1251
1263
1381
1392
1402
1540
1548
1602
1610
1627
1658
1689
1725
1734
1735
1740
1759
1780
1812
1837
1894
1914
1923
1999
2018
2047
2059
2086
2142
2183
2203
2204
2235
2240
2257
2258
2296
2378
2420
2421
2450
2516
2519
2527
2587
2628
2688
2732
2739
2750
2775
2792
2805
2840
2873
2975
2978
3006
3026
3100
3114
3126
3169
3182
3187
3192
3223
3231
3238
3285
3334
3379
3380
3470
3484
3509
3538
3579
3606
3631
3692
3768
3776
3848
3872
3980
4000
4010
4027
4077
4081
4095
98
204
260
343
358
373
423
472
509
550
558
745
787
833
875
930
966
971
975
978
1011
1014
1055
1082
1117
1159
1187
1381
1602
1657
1658
1683
1725
1734
1735
1740
1894
1914
1923
1999
2018
2059
2127
2136
2204
2235
2257
2378
2387
2421
2444
2516
2519
2587
2610
2688
2739
2750
2805
2873
2978
3006
3100
3126
3169
3187
3192
3334
3380
3486
3509
3548
3579
3673
3692
3768
3776
3848
3872
3980
4010
4077
4081
4095
19
40
54
55
109
216
243
266
285
326
364
388
441
450
452
500
551
686
698
759
765
773
787
815
862
875
923
930
959
963
971
1076
1078
1092
1117
1120
1145
1159
1203
1208
1233
1251
1258
1302
1314
1339
1349
1360
1392
1405
1428
1438
1450
1525
1540
1552
1559
1580
1627
1630
1637
1645
1657
1683
1689
1708
1740
1780
1795
1805
1807
1810
1826
1850
1859
1862
1872
1888
1892
1920
1936
1968
2008
2047
2086
2087
2092
2113
2123
2142
2145
2183
2185
2197
2226
2228
2292
2313
2336
2375
2433
2444
2568
2582
2589
2628
2631
2661
2688
2697
2701
2715
2731
2732
2750
2775
2789
2796
2810
2825
2917
2934
2960
2983
3061
3093
3100
3108
3115
3126
3155
3184
3192
3253
3268
3281
3285
3308
3381
3393
3463
3481
3486
3509
3514
3538
3569
3579
3631
3665
3680
3706
3756
3768
3794
3872
3889
3980
16
20
60
69
89
107
126
128
130
133
144
148
160
161
167
170
216
222
232
238
263
275
304
309
316
327
331
334
336
339
348
353
357
367
370
375
377
391
392
393
394
405
413
450
469
470
512
513
525
526
535
544
551
558
567
581
588
598
602
628
630
652
670
671
692
714
729
733
737
739
770
784
795
821
823
824
828
843
867
878
899
901
905
915
916
921
932
934
937
952
959
960
962
971
1003
1032
1036
1038
1044
1056
1060
1069
1093
1094
1110
1117
1121
1142
1144
1159
1163
1169
1191
1215
1231
1255
1257
1258
1264
1273
1285
1301
1302
1313
1317
1366
1367
1387
1404
1414
1424
1441
1442
1445
1446
1466
1495
1497
1510
1512
1532
1539
1542
1554
1560
1590
1599
1610
1641
1645
1662
1663
1683
1686
1689
1703
1704
1706
1710
1723
1728
1739
1740
1765
1767
1784
1789
1801
1802
1811
1816
1820
1828
1872
1873
1878
1914
1943
1948
1952
1959
1970
1989
2014
2045
2047
2064
2071
2073
2082
2086
2091
2108
2134
2136
2141
2163
2189
2201
2203
2204
2229
2247
2267
2270
2367
2372
2400
2456
2460
2461
2484
2487
2490
2496
2511
2514
2534
2535
2545
2546
2568
2570
2575
2591
2597
2604
2607
2624
2627
2640
2642
2645
2660
2663
2666
2688
2695
2697
2698
2701
2718
2731
2732
2747
2750
2762
2767
2772
2773
2790
2791
2825
2853
2861
2867
2868
2885
2892
2906
2910
2912
2929
2933
2950
2951
2953
2958
2961
2968
2969
2972
2977
2984
2988
2991
3001
3008
3029
3068
3071
3084
3097
3109
3113
3122
3129
3141
3160
3165
3166
3169
3191
3192
3214
3223
3231
3232
3242
3252
3273
3276
3284
3289
3291
3303
3322
3324
3329
3356
3358
3373
3374
3377
3378
3380
3384
3409
3439
3440
3441
3457
3458
3470
3476
3486
3490
3506
3527
3538
3546
3547
3550
3557
3573
3584
3650
3656
3662
3667
3668
3685
3699
3708
3742
3747
3750
3768
3775
3789
3796
3812
3841
3842
3845
3846
3895
3896
3904
3907
3917
3925
3932
3933
3938
3973
3980
3985
4092
20
61
89
107
115
126
130
133
141
148
158
170
181
188
193
216
263
275
283
304
309
322
345
391
404
413
417
438
441
450
460
470
482
525
558
602
627
630
654
670
684
726
731
733
765
773
795
798
819
824
826
847
892
893
896
901
912
953
971
997
1040
1052
1062
1117
1159
1163
1176
1229
1258
1264
1273
1293
1317
1340
1345
1349
1387
1404
1451
1453
1461
1463
1535
1554
1558
1563
1567
1590
1595
1610
1643
1648
1683
1689
1691
1709
1710
1734
1740
1744
1756
1765
1784
1789
1801
1802
1828
1857
1890
1910
1941
1955
1956
1972
1977
2028
2047
2073
2079
2086
2089
2090
2098
2134
2137
2170
2181
2203
2212
2228
2229
2238
2247
2284
2318
2356
2380
2392
2399
2400
2402
2408
2411
2427
2437
2450
2456
2460
2461
2490
2514
2533
2539
2552
2567
2591
2597
2611
2615
2640
2645
2660
2688
2714
2727
2732
2739
2747
2750
2769
2779
2794
2861
2892
2906
2914
2929
2934
2941
2943
2961
2972
2984
3006
3012
3017
3029
3054
3057
3068
3069
3071
3072
3078
3097
3122
3141
3179
3192
3214
3231
3236
3242
3244
3258
3291
3293
3303
3306
3318
3324
3374
3377
3378
3381
3384
3389
3398
3409
3414
3439
3470
3473
3474
3490
3498
3509
3538
3584
3607
3619
3628
3660
3742
3744
3768
3808
3827
3846
3878
3895
3896
3907
3908
3942
4036
4037
4092
61
115
148
158
188
216
283
304
322
345
404
417
438
441
450
460
470
482
558
567
627
670
684
726
731
759
798
824
893
912
953
971
997
1040
1117
1159
1229
1345
1349
1404
1451
1461
1463
1535
1554
1563
1595
1643
1657
1691
1709
1734
1740
1784
1789
1890
1941
1972
2079
2086
2089
2136
2137
2212
2247
2284
2318
2356
2402
2444
2456
2533
2591
2647
2688
2727
2732
2758
2779
2914
2941
2943
2961
3006
3029
3069
3071
3179
3192
3306
3318
3324
3384
3397
3398
3409
3473
3474
3486
3533
3601
3607
3619
3628
3744
3768
3808
3864
3878
3942
20
60
69
126
160
170
216
218
232
263
275
304
316
331
334
357
358
367
370
377
391
394
405
438
450
469
470
509
512
513
544
558
567
588
598
602
628
630
652
692
714
739
759
795
821
823
824
828
833
867
899
901
904
905
915
921
932
960
962
971
1014
1032
1044
1055
1069
1094
1110
1117
1159
1163
1169
1191
1215
1255
1258
1264
1285
1302
1367
1404
1414
1441
1442
1445
1466
1512
1542
1554
1645
1657
1663
1686
1689
1706
1710
1723
1740
1765
1767
1784
1802
1811
1828
1872
1914
1943
1948
1959
2047
2079
2086
2134
2136
2141
2152
2189
2201
2203
2204
2229
2235
2247
2270
2277
2372
2400
2444
2456
2460
2461
2487
2514
2533
2534
2546
2568
2570
2575
2591
2597
2610
2640
2645
2660
2688
2727
2750
2758
2762
2779
2791
2861
2868
2885
2892
2912
2961
2969
2972
2984
2991
3029
3068
3169
3192
3214
3231
3252
3276
3284
3291
3303
3356
3373
3377
3380
3384
3409
3439
3458
3486
3490
3497
3506
3527
3538
3550
3573
3584
3607
3673
3685
3699
3707
3708
3742
3768
3812
3864
3904
3907
3917
3933
3973
3980
4092
16
25
33
40
67
83
183
194
195
212
216
252
275
370
410
419
429
444
449
450
457
461
476
489
525
552
563
567
591
595
642
650
684
753
811
818
828
838
854
860
892
909
930
948
960
971
995
1023
1034
1052
1070
1117
1118
1130
1159
1194
1196
1202
1209
1237
1241
1261
1270
1311
1323
1329
1368
1382
1389
1411
1551
1554
1604
1642
1683
1707
1740
1769
1832
1835
1908
1913
1930
1937
1989
1996
2001
2081
2082
2086
2096
2120
2148
2163
2179
2195
2203
2221
2241
2262
2298
2349
2392
2401
2403
2408
2440
2485
2511
2563
2568
2598
2605
2658
2688
2695
2711
2726
2732
2741
2759
2760
2781
2825
2832
2846
2899
2902
2962
2998
3068
3071
3089
3107
3145
3153
3174
3178
3192
3196
3224
3247
3277
3324
3380
3442
3463
3467
3486
3495
3509
3529
3550
3553
3567
3586
3625
3693
3695
3701
3705
3749
3759
3768
3843
3893
3895
3910
3941
3953
3963
3969
4006
4047
4085
4087
4096
5
45
46
89
91
130
133
167
183
194
238
259
275
327
351
358
370
386
410
419
449
450
525
535
563
628
637
642
650
689
692
707
729
756
770
849
854
891
892
909
921
930
971
991
995
1049
1052
1055
1066
1080
1093
1117
1130
1138
1159
1170
1223
1237
1241
1291
1323
1349
1372
1414
1445
1448
1510
1511
1554
1560
1703
1707
1784
1801
1832
1854
1872
1898
1913
1914
1937
1959
2008
2047
2067
2081
2096
2108
2112
2148
2170
2179
2204
2267
2284
2298
2308
2312
2320
2333
2408
2485
2511
2544
2545
2550
2607
2688
2711
2731
2741
2750
2759
2772
2781
2805
2823
2832
2834
2899
2902
2914
2943
2962
2969
2973
2991
3044
3071
3141
3192
3223
3224
3242
3247
3277
3279
3289
3324
3355
3373
3377
3409
3413
3441
3442
3467
3540
3550
3567
3570
3574
3607
3742
3768
3841
3843
3845
3893
3894
3895
3902
3925
3932
3941
3946
3953
3957
3969
3980
4000
4021
4087
4092
5
45
46
89
91
238
275
351
358
386
410
419
449
450
460
509
535
576
637
673
759
760
854
891
892
909
930
971
990
991
1052
1055
1058
1066
1117
1138
1159
1170
1229
1262
1291
1345
1349
1372
1414
1445
1448
1554
1560
1595
1657
1665
1683
1691
1693
1707
1801
1854
1898
1899
1913
1914
2008
2067
2081
2130
2136
2199
2204
2267
2284
2298
2308
2312
2333
2544
2550
2647
2683
2688
2695
2711
2731
2732
2758
2798
2805
2914
2943
3006
3044
3071
3161
3178
3192
3211
3224
3247
3279
3289
3306
3355
3384
3397
3409
3413
3442
3467
3540
3544
3550
3561
3570
3574
3604
3607
3673
3768
3797
3845
3893
3895
3932
3946
3957
3980
4087
16
33
67
148
183
194
195
212
216
252
275
322
370
419
444
450
457
461
470
476
489
552
563
567
595
637
642
650
653
684
753
759
811
828
838
854
860
909
948
960
971
995
1023
1034
1052
1055
1070
1117
1130
1138
1159
1170
1202
1209
1237
1241
1270
1311
1323
1368
1383
1389
1411
1554
1563
1642
1657
1683
1707
1740
1769
1832
1835
1899
1908
1913
1930
1937
1989
1996
2081
2082
2086
2096
2120
2148
2163
2179
2195
2203
2241
2262
2308
2349
2401
2408
2485
2511
2563
2568
2598
2658
2688
2695
2711
2732
2741
2758
2760
2781
2825
2832
2899
2902
2962
2993
2998
3068
3071
3107
3145
3153
3161
3174
3178
3192
3196
3224
3277
3324
3380
3467
3495
3509
3550
3567
3701
3768
3843
3878
3893
3910
3941
3953
3969
4006
4085
4087
4096
12
41
86
91
97
114
135
155
157
158
163
165
169
172
187
191
211
217
254
259
275
284
317
356
370
378
402
450
454
494
520
552
571
591
660
696
711
712
718
720
730
736
770
775
797
814
822
842
854
855
856
888
908
928
971
980
992
1022
1055
1064
1066
1090
1117
1138
1154
1157
1159
1186
1194
1202
1226
1258
1261
1276
1309
1323
1361
1408
1410
1414
1443
1453
1461
1464
1478
1494
1538
1577
1591
1644
1649
1683
1689
1697
1740
1760
1779
1788
1797
1801
1804
1830
1848
1863
1865
1887
1922
1924
1937
1950
1964
1993
2041
2046
2048
2055
2086
2107
2136
2158
2174
2191
2227
2251
2286
2304
2307
2332
2384
2390
2397
2426
2446
2495
2508
2513
2565
2568
2580
2635
2641
2688
2697
2719
2732
2758
2759
2760
2792
2795
2797
2801
2804
2819
2838
2894
2915
2932
2936
2963
2967
2985
2998
3014
3020
3023
3041
3071
3074
3085
3101
3120
3138
3171
3172
3192
3222
3224
3285
3338
3359
3407
3413
3430
3472
3486
3497
3507
3510
3542
3553
3561
3563
3594
3630
3661
3701
3725
3727
3736
3741
3768
3786
3825
3850
3878
3917
3923
3949
3955
3958
3960
3980
3999
4016
4038
4059
4063
4086
4100
35
114
259
342
450
454
479
525
586
589
681
750
770
817
818
877
917
969
971
1009
1039
1117
1154
1157
1159
1194
1258
1328
1372
1662
1689
1697
1714
1785
1787
1797
1801
1922
1937
1943
1950
1966
2055
2108
2120
2174
2201
2204
2227
2284
2303
2430
2431
2446
2455
2458
2529
2575
2580
2619
2631
2688
2697
2705
2849
2887
2989
3005
3065
3120
3134
3192
3223
3285
3303
3306
3360
3407
3486
3497
3517
3542
3547
3553
3587
3589
3660
3709
3744
3767
3768
3955
3958
3978
3980
4050
4059
35
73
91
114
157
259
305
338
342
450
454
509
589
681
750
809
835
842
877
909
917
969
971
1009
1077
1117
1154
1157
1159
1229
1256
1258
1262
1328
1343
1491
1509
1513
1593
1626
1644
1657
1683
1697
1714
1787
1801
1855
1870
1922
1937
2012
2036
2120
2174
2204
2227
2247
2303
2308
2332
2371
2431
2446
2455
2458
2529
2619
2681
2688
2697
2705
2732
2758
2849
2923
2948
2967
2989
3071
3120
3134
3161
3192
3285
3299
3306
3332
3360
3384
3397
3407
3486
3517
3542
3547
3553
3589
3677
3709
3731
3744
3767
3768
3955
3958
3978
3980
3995
4059
4077
4098
157
158
259
370
378
673
842
854
971
1066
1117
1138
1159
1202
1414
1461
1538
1683
1697
1740
2136
2332
2568
2688
2732
2758
2967
3014
3071
3120
3192
3486
3561
3736
3768
3878
3960
3980
7
21
24
30
94
110
117
139
156
174
179
187
201
248
250
270
275
276
282
300
344
358
360
411
432
435
442
448
450
479
486
490
496
501
504
519
579
594
641
666
674
676
703
778
798
809
813
829
831
850
863
910
940
943
970
971
972
1008
1009
1043
1048
1074
1089
1096
1098
1111
1117
1146
1159
1176
1218
1225
1230
1238
1266
1279
1291
1304
1326
1359
1363
1391
1429
1444
1456
1472
1493
1498
1515
1550
1565
1575
1589
1614
1622
1628
1678
1681
1683
1684
1713
1726
1733
1761
1763
1777
1788
1802
1819
1828
1849
1883
1898
1904
1911
1915
1925
1938
1950
1957
2029
2043
2047
2052
2055
2057
2061
2072
2078
2084
2086
2117
2121
2125
2153
2157
2203
2204
2211
2228
2288
2291
2339
2370
2397
2405
2417
2453
2457
2472
2508
2554
2568
2578
2584
2594
2628
2634
2675
2688
2689
2699
2706
2725
2743
2758
2764
2781
2804
2815
2816
2830
2850
2905
2915
2940
2942
2999
3030
3048
3061
3071
3083
3086
3095
3104
3121
3127
3137
3159
3181
3192
3196
3218
3227
3254
3263
3264
3275
3315
3323
3342
3371
3413
3452
3468
3482
3492
3500
3502
3534
3535
3538
3559
3571
3581
3652
3704
3721
3725
3738
3755
3761
3764
3768
3773
3787
3790
3806
3813
3830
3832
3837
3851
3853
3857
3869
3873
3895
3901
3939
3942
3946
3954
3972
3977
3980
3993
3998
4002
4011
4025
4051
4056
4070
4097
106
117
143
182
239
283
342
368
376
450
513
525
537
541
640
690
742
759
770
809
854
863
938
940
971
1069
1074
1098
1117
1159
1169
1194
1266
1304
1384
1437
1462
1480
1662
1678
1730
1733
1801
1848
2055
2062
2108
2125
2226
2245
2247
2382
2384
2405
2417
2430
2457
2477
2481
2578
2604
2634
2688
2743
2758
2774
2781
2816
2835
2853
2894
2933
3101
3191
3192
3200
3223
3303
3382
3413
3435
3436
3476
3479
3534
3550
3559
3580
3688
3704
3738
3768
3857
3862
3890
3895
3940
4040
47
143
216
231
283
343
376
450
458
482
509
525
537
549
609
640
684
759
809
854
863
884
938
940
971
1074
1098
1117
1138
1159
1169
1229
1262
1266
1437
1646
1657
1676
1683
1729
1730
1733
1736
1801
1868
1899
2055
2062
2125
2130
2140
2206
2226
2247
2264
2361
2382
2417
2457
2477
2548
2578
2604
2634
2688
2695
2732
2743
2756
2758
2774
2781
2816
2835
2839
2853
2933
3071
3088
3101
3191
3192
3200
3382
3397
3413
3434
3479
3533
3534
3548
3550
3642
3688
3738
3768
3810
3836
3862
3890
3940
3942
3980
4040
4053
4067
139
179
187
216
282
358
411
432
450
479
486
490
594
716
778
798
809
829
854
900
940
970
971
1089
1096
1117
1159
1225
1230
1279
1291
1359
1391
1456
1515
1550
1575
1589
1683
1684
1733
1763
1802
1849
1898
1904
1950
1957
2029
2043
2047
2052
2055
2057
2061
2072
2203
2204
2211
2228
2339
2417
2457
2568
2584
2628
2675
2688
2699
2706
2732
2743
2758
2781
2798
2815
2816
2830
2915
3000
3048
3071
3083
3086
3095
3137
3161
3192
3254
3264
3275
3315
3342
3413
3500
3535
3571
3581
3652
3725
3738
3764
3768
3790
3813
3837
3857
3895
3939
3942
3946
3954
3977
3980
3993
3998
4002
4011
4051
4056
4072
9
11
18
20
31
38
49
59
67
95
96
99
125
129
131
171
176
193
202
216
221
223
229
256
274
281
303
306
307
310
341
362
403
415
431
434
445
463
466
473
508
525
559
573
596
604
617
625
633
661
680
702
705
709
732
746
761
768
769
806
808
824
827
832
845
857
864
868
871
876
895
898
903
907
940
942
945
956
961
971
982
987
988
1002
1024
1042
1072
1081
1099
1102
1108
1109
1117
1122
1132
1138
1159
1169
1195
1213
1221
1227
1229
1249
1260
1277
1283
1287
1302
1307
1310
1337
1371
1376
1390
1415
1425
1427
1433
1435
1438
1453
1459
1462
1472
1483
1484
1521
1529
1534
1536
1540
1556
1579
1594
1595
1613
1620
1673
1683
1689
1711
1717
1737
1738
1788
1800
1802
1868
1876
1918
1919
1950
1978
1980
1988
1990
1994
2003
2017
2049
2055
2057
2083
2086
2099
2111
2114
2120
2134
2149
2163
2166
2178
2203
2206
2218
2219
2220
2224
2231
2234
2239
2259
2266
2274
2279
2281
2283
2306
2308
2311
2334
2354
2355
2377
2385
2397
2406
2417
2450
2451
2467
2470
2490
2509
2515
2520
2523
2528
2555
2568
2612
2613
2657
2668
2669
2673
2692
2695
2697
2709
2720
2732
2733
2758
2771
2802
2807
2833
2881
2886
2907
2908
2919
2949
2954
2959
2985
2995
3022
3038
3050
3071
3094
3112
3134
3143
3148
3162
3192
3197
3211
3222
3251
3265
3269
3294
3297
3331
3341
3345
3349
3383
3392
3403
3427
3471
3476
3486
3494
3500
3530
3531
3538
3557
3568
3596
3611
3670
3719
3765
3768
3779
3785
3818
3826
3838
3844
3870
3876
3884
3888
3895
3927
3942
3956
3967
3981
3992
4023
4026
4029
4033
4035
4054
4057
4068
4082
4094
11
16
30
38
41
62
91
97
106
139
165
176
205
209
221
223
230
238
239
275
283
336
344
356
358
360
397
401
419
449
490
498
512
519
520
522
525
526
541
565
579
652
658
660
672
684
703
705
712
759
761
770
775
797
813
822
849
854
922
935
940
952
971
1035
1048
1052
1056
1064
1066
1099
1102
1117
1159
1173
1230
1231
1282
1283
1302
1323
1349
1367
1371
1375
1376
1425
1446
1449
1487
1493
1495
1498
1515
1521
1545
1551
1560
1579
1591
1641
1646
1665
1683
1689
1713
1721
1737
1739
1740
1776
1828
1837
1915
1952
1979
2005
2041
2045
2047
2055
2064
2072
2078
2086
2120
2130
2141
2153
2158
2163
2185
2203
2228
2241
2259
2262
2266
2274
2281
2283
2284
2327
2377
2417
2426
2440
2453
2467
2470
2495
2496
2528
2535
2603
2612
2647
2708
2726
2732
2748
2758
2790
2797
2807
2878
2889
2918
2919
2959
2985
3031
3094
3104
3121
3129
3143
3145
3192
3227
3230
3251
3315
3341
3357
3359
3374
3380
3384
3395
3397
3413
3416
3421
3453
3472
3486
3488
3490
3507
3553
3592
3594
3634
3705
3721
3725
3730
3741
3744
3749
3761
3765
3768
3826
3830
3832
3844
3895
3965
4016
4029
4035
4053
4057
4097
30
91
139
164
176
188
209
221
230
255
283
397
398
401
498
509
519
522
540
565
579
609
672
703
759
764
854
935
940
971
1015
1035
1066
1117
1159
1173
1282
1283
1302
1323
1349
1388
1425
1449
1487
1551
1560
1595
1646
1657
1665
1675
1683
1713
1740
1776
1915
2005
2047
2078
2086
2120
2130
2141
2153
2163
2203
2232
2283
2284
2327
2377
2440
2453
2553
2603
2647
2695
2708
2732
2758
2878
2919
2959
2985
3031
3071
3094
3121
3161
3162
3192
3227
3230
3306
3357
3384
3395
3397
3413
3416
3421
3453
3486
3488
3545
3547
3592
3634
3705
3725
3744
3761
3768
3826
3830
3832
3847
3895
3942
4053
4057
4067
4083
4097
9
11
31
38
59
67
76
95
96
125
129
131
171
202
216
221
223
229
238
256
280
281
306
307
310
358
386
403
415
419
431
449
463
466
473
482
508
522
540
559
573
596
617
625
633
684
702
705
732
746
759
761
764
768
769
806
808
824
827
832
854
857
864
868
871
876
895
898
903
940
945
956
961
971
982
1002
1035
1042
1052
1072
1081
1099
1109
1117
1132
1138
1159
1169
1213
1221
1227
1249
1260
1277
1282
1283
1287
1307
1310
1349
1371
1415
1425
1427
1433
1435
1438
1459
1462
1472
1483
1484
1521
1534
1536
1556
1579
1595
1613
1620
1657
1673
1675
1676
1683
1711
1737
1738
1800
1801
1834
1868
1914
1950
1972
1978
1988
1990
1994
2003
2017
2047
2049
2086
2099
2111
2114
2120
2134
2149
2166
2203
2206
2218
2219
2220
2224
2231
2234
2239
2259
2266
2274
2281
2306
2308
2334
2354
2385
2417
2450
2451
2467
2515
2523
2555
2568
2612
2613
2657
2668
2673
2692
2695
2697
2709
2720
2732
2733
2758
2802
2807
2833
2886
2907
2908
2914
2919
2949
2985
2995
3038
3050
3071
3094
3112
3134
3143
3148
3161
3162
3192
3197
3211
3251
3265
3279
3294
3297
3331
3341
3345
3383
3392
3403
3427
3471
3486
3494
3500
3530
3531
3538
3557
3568
3611
3670
3719
3765
3768
3779
3818
3826
3838
3870
3876
3884
3888
3895
3942
3967
3981
4023
4029
4033
4035
4054
4057
4068
2
22
26
58
65
70
91
111
176
196
207
264
323
389
408
512
532
538
601
656
719
764
772
823
852
858
863
866
887
940
946
951
971
985
1089
1103
1117
1134
1140
1159
1162
1220
1222
1251
1258
1307
1316
1334
1376
1413
1417
1473
1524
1541
1573
1587
1595
1689
1707
1712
1743
1757
1764
1786
1835
1849
1954
1997
2004
2033
2034
2054
2072
2083
2100
2115
2116
2122
2150
2163
2202
2215
2250
2273
2280
2305
2314
2321
2409
2428
2429
2441
2479
2566
2568
2583
2621
2628
2631
2651
2652
2662
2672
2682
2711
2732
2750
2813
3018
3061
3068
3119
3131
3133
3179
3185
3192
3274
3301
3354
3447
3526
3595
3678
3700
3729
3768
3831
3844
3858
3927
4022
2
3
13
65
173
176
300
313
502
525
562
594
613
782
858
863
910
940
948
971
974
988
1251
1373
1376
1413
1416
1512
1540
1683
1689
1695
1743
1764
1904
1929
1968
2072
2083
2086
2131
2355
2409
2412
2450
2455
2470
2479
2556
2583
2750
2912
2977
3055
3156
3192
3230
3232
3254
3294
3306
3307
3413
3486
3493
3612
3616
3685
3744
3768
3771
3891
3949
4022
4026
3
13
65
173
313
323
337
502
594
613
759
764
863
910
940
948
964
971
974
1117
1159
1229
1251
1413
1695
1743
1801
1904
1929
1968
2047
2086
2409
2455
2556
2583
2647
2695
2732
2758
2803
2804
2977
3055
3156
3161
3192
3230
3232
3306
3307
3355
3384
3397
3416
3487
3493
3547
3609
3612
3616
3642
3685
3744
3768
3771
3891
3960
4022
4067
2
22
26
58
65
70
91
196
207
323
389
408
538
601
656
719
759
764
823
852
858
863
866
887
940
946
951
971
985
1066
1103
1117
1134
1140
1159
1162
1222
1251
1258
1307
1316
1413
1417
1473
1524
1595
1689
1707
1712
1743
1764
1835
1849
1854
1954
1997
2004
2033
2034
2054
2072
2083
2100
2116
2122
2150
2163
2215
2250
2305
2314
2321
2356
2428
2429
2441
2479
2566
2568
2583
2621
2631
2651
2652
2662
2682
2732
2750
2758
2813
3018
3068
3071
3119
3131
3133
3179
3192
3274
3301
3354
3447
3486
3526
3595
3700
3768
3831
3858
3867
3927
4022
