6
1
5
10
14
4
8
14
4
2
3
3
8
3
4
9
8
3
7
9
1
1
1
1
1
1
1
1
1
1
1
1
1
1
1
1
5
1
2
5
9
2
5
5
6
14
14
9
7
3
3
7
5
1
2
6
13
3
6
14
58
27
28
34
64
65
42
42
138
74
49
107
76
100
42
49
76
58
37
69
632
71
60
623
10
4
5
11
2
13
15
6
40
3
4
41
26
19
17
20
91
18
17
84
1
1
1
1
2
1
31
6
11
20
59
65
46
35
47
60
78
83
14
23
26
21
22
21
21
22
2
1
33
34
12
13
59
58
36
40
37
40
60
56
75
90
14
36
58
44
28
33
64
51
31
33
48
56
1
1
92
93
8
3
48
56
3
1
2
4
6
2
3
23
3
10
11
5
4
6
7
8
1
1
2
3
9
5
8
10
8
23
7
6
2
1
2
2
3
2
2
2
5
4
6
7
14
4
5
12
2
8
10
3
5
3
6
4
3
2
2
3
35
25
11
30
11
13
6
6
25
29
14
20
3
7
29
8
143
99
115
81
151
155
91
82
42
42
20
36
57
47
43
63
105
93
44
58
22
33
38
35
49
40
38
42
36
50
55
84
20
33
34
27
48
94
97
34
23
80
77
34
18
52
77
44
33
39
85
68
110
107
97
111
73
77
74
58
73
69
78
77
46
79
78
58
90
119
81
75
69
85
69
41
45
40
39
49
54
34
49
61
37
30
42
50
15
18
23
28
35
20
34
34
81
102
81
59
46
32
26
36
52
52
29
32
25
35
23
21
17
28
18
17
29
12
13
19
60
61
49
45
69
52
36
50
64
48
39
37
40
63
35
37
18
11
18
26
14
29
34
23
20
13
17
24
27
28
30
30
50
44
45
55
24
26
27
26
4
3
5
6
13
10
11
15
6
5
6
7
27
27
29
32
3
2
9
4
4
4
6
5
4
4
5
5
63
63
46
47
57
49
33
29
31
42
104
87
2
2
3
6
34
27
39
43
38
32
81
95
97
117
74
60
12
13
9
8
8
7
4
7
1
1
1
1
7
3
3
7
96
76
37
57
4
1
3
5
7
4
6
10
6
4
7
9
9
3
4
11
15
8
11
16
10
18
19
20
97
87
62
78
33
29
28
28
54
63
48
41
21
16
8
26
135
110
76
94
67
87
62
49
86
74
55
68
28
30
20
32
12
4
5
18
104
86
124
100
19
17
70
75
32
2
5
62
51
62
43
72
84
43
37
80
76
60
44
73
104
85
105
125
100
97
70
98
58
62
44
67
53
25
18
55
69
39
34
53
122
104
98
109
46
58
62
75
51
20
26
60
42
13
14
53
45
30
24
54
68
98
56
86
207
101
103
171
50
100
107
66
74
80
86
84
93
99
150
160
237
122
261
410
391
399
468
470
69
157
321
267
302
150
226
382
179
303
434
322
122
132
276
264
142
122
238
254
411
199
273
468
405
358
411
479
230
309
407
320
300
386
560
467
432
437
503
512
492
454
799
825
181
133
219
298
201
149
227
281
222
238
325
317
107
114
120
120
147
138
147
161
300
206
210
312
187
251
275
206
178
172
182
196
134
136
142
142
92
104
118
103
88
76
174
188
77
60
73
91
109
97
125
128
109
110
125
123
91
76
91
107
65
98
109
89
89
92
108
98
51
51
55
70
48
44
49
57
111
91
98
121
102
85
93
125
73
90
117
96
71
72
78
85
57
38
49
78
52
44
49
65
42
37
48
53
102
77
82
116
97
76
97
117
33
44
52
44
79
76
78
91
59
57
63
78
74
67
75
84
98
85
91
107
82
77
95
106
101
107
119
118
108
104
112
122
53
45
50
66
47
74
76
59
40
39
45
46
42
42
65
61
